1015 1006 4 68 0 84 2 26 0 88 7
1015 1006 4 78 2 45 6 60 2 7 5
1015 1006 4 13 1 57 7 58 6 32 7
1015 1006 4 1 3 45 6 10 0 95 3
1015 1006 4 32 7 41 6 26 1 84 2
1015 1006 4 10 7 47 5 56 6 15 7
1015 1006 4 44 7 19 0 41 7 26 1
1015 1006 4 56 6 46 0 60 2 95 3
1015 1006 4 49 7 58 6 41 0 11 1
1015 1006 4 1 5 60 2 95 4 50 7
1015 1006 4 32 5 49 6 98 2 92 1
1015 1006 4 10 0 56 3 1 6 60 2
1015 1006 4 11 1 40 6 68 0 98 2
1015 1006 4 1 6 15 7 20 6 60 4
1015 1006 4 49 7 25 6 58 5 64 0
1015 1006 4 1 5 50 4 10 1 45 6
1015 1006 4 17 1 19 6 42 5 84 2
1015 1006 4 7 3 85 5 45 2 23 6
1015 1006 4 98 2 40 6 32 5 68 2
1015 1006 4 15 2 95 3 56 3 45 5
1015 1006 4 26 1 88 7 64 7 49 2
1015 1006 4 1 5 15 7 7 5 45 7
1015 1006 4 98 7 68 7 40 2 88 2
1015 1006 4 47 2 10 1 45 3 23 6
1015 1006 4 99 1 88 5 41 7 84 0
1015 1006 4 23 2 50 4 78 7 1 6
1015 1006 4 11 1 57 5 49 6 44 4
1015 1006 4 15 2 20 7 56 3 23 2
1015 1006 4 42 5 19 5 13 1 98 4
1015 1006 4 95 3 47 2 15 7 20 2
1015 1006 4 44 4 13 1 68 7 17 1
1015 1006 4 85 2 7 5 78 5 45 4
1015 1006 4 92 0 40 7 11 6 13 1
1015 1006 4 45 6 15 0 56 2 95 3
1015 1006 4 88 5 57 2 42 5 92 6
1015 1006 4 95 4 56 3 78 5 45 2
1015 1006 4 99 7 42 5 13 0 41 7
1015 1006 4 10 6 56 6 47 7 7 4
1015 1006 4 58 5 64 7 11 1 68 7
1015 1006 4 60 2 78 2 45 6 46 2
1015 1006 4 26 1 99 3 25 2 19 0
1015 1006 4 85 2 20 6 45 6 60 2
1015 1006 4 58 2 17 0 40 7 26 0
1015 1006 4 7 2 23 2 10 0 56 6
1015 1006 4 17 0 41 6 42 2 64 2
1015 1006 4 46 0 56 7 15 6 47 2
1015 1006 4 88 5 98 1 58 2 26 0
1015 1006 4 50 6 78 4 85 4 10 6
1015 1006 4 11 6 49 6 57 2 13 1
1015 1006 4 23 2 46 7 1 7 50 6
1015 1006 4 84 0 58 5 44 4 11 6
1015 1006 4 7 4 46 2 78 4 20 7
1015 1006 4 88 2 99 7 17 1 58 5
1015 1006 4 78 5 85 2 95 3 47 7
1015 1006 4 99 1 17 1 57 7 92 6
1015 1006 4 7 4 45 5 1 5 50 2
1015 1006 4 57 2 13 0 84 2 49 5
1015 1006 4 7 4 10 6 45 5 1 3
1015 1006 4 32 6 58 5 44 2 17 1
1015 1006 4 56 6 50 5 15 7 60 7
1015 1006 4 44 6 57 2 92 1 25 7
1015 1006 4 1 6 78 5 50 6 15 0
1015 1006 4 11 6 88 2 41 7 99 1
1015 1006 4 7 2 50 2 56 6 78 4
1015 1006 4 40 7 92 1 58 6 84 0
1015 1006 4 20 6 1 4 15 7 10 7
1015 1006 4 58 7 41 7 49 5 68 7
1015 1006 4 50 6 60 2 1 5 78 2
1015 1006 4 49 6 88 7 44 2 40 6
1015 1006 4 7 4 20 3 50 6 85 5
1015 1006 4 68 2 58 7 26 6 49 6
1015 1006 4 1 2 78 7 20 6 50 2
1015 1006 4 99 3 11 0 84 0 57 5
1015 1006 4 95 4 23 7 60 2 15 2
1015 1006 4 11 6 49 5 41 2 92 1
1015 1006 4 10 2 15 6 78 3 85 5
1015 1006 4 68 7 42 2 98 4 32 7
1015 1006 4 60 7 78 5 45 6 23 6
1015 1006 4 19 0 41 2 84 0 58 7
1015 1006 4 10 6 7 4 95 4 60 7
1015 1006 4 32 5 44 6 99 2 17 1
1015 1006 4 23 2 1 3 56 7 78 5
1015 1006 4 19 0 58 7 98 2 92 0
1015 1006 4 95 3 47 2 45 2 85 3
1015 1006 4 98 7 44 6 13 1 84 0
1015 1006 4 78 7 46 7 7 5 60 2
1015 1006 4 57 7 98 1 42 5 41 2
1015 1006 4 95 3 56 6 47 7 10 7
1015 1006 4 64 2 57 7 68 7 44 4
1015 1006 4 20 3 46 0 7 2 50 7
1015 1006 4 99 3 42 5 58 2 92 1
1015 1006 4 20 2 56 4 23 7 47 2
1015 1006 4 49 7 19 0 57 7 98 1
1015 1006 4 10 2 45 7 7 5 95 3
1015 1006 4 58 7 64 2 40 5 49 5
1015 1006 4 20 6 7 4 50 7 1 5
1015 1006 4 44 6 58 2 19 2 25 5
1015 1006 4 95 4 47 5 46 0 7 4
1015 1006 4 49 2 32 5 57 5 26 0
1015 1006 4 7 5 60 7 10 5 20 2
1015 1006 4 42 5 13 0 32 2 57 7
1015 1006 4 20 6 50 7 78 3 45 6
1015 1006 4 13 0 98 7 44 2 64 0
1015 1006 4 7 2 60 2 50 4 78 4
1015 1006 4 84 0 42 2 17 0 11 1
1015 1006 4 15 2 60 7 56 4 7 4
1015 1006 4 32 6 84 7 17 1 49 2
1015 1006 4 47 5 95 4 85 3 50 6
1015 1006 4 64 2 17 0 99 7 58 2
1015 1006 4 47 2 23 2 20 3 10 1
1015 1006 4 84 2 49 6 25 0 32 5
1015 1006 4 95 3 23 2 45 2 46 0
1015 1006 4 19 6 41 7 40 2 88 7
1015 1006 4 10 0 56 7 7 3 47 5
1015 1006 4 11 6 68 0 49 5 64 7
1015 1006 4 7 3 60 7 47 5 15 0
1015 1006 4 13 1 64 2 41 7 88 7
1015 1006 4 60 4 7 2 20 2 47 7
1015 1006 4 64 0 13 0 32 5 26 1
1015 1006 4 95 3 15 0 47 5 56 6
1015 1006 4 98 1 40 2 58 2 19 6
1015 1006 4 60 4 50 7 7 3 23 7
1015 1006 4 64 0 25 4 41 6 11 0
1015 1006 4 45 4 56 4 85 5 10 0
1015 1006 4 57 2 19 6 92 0 42 2
1015 1006 4 60 7 10 5 45 6 85 5
1015 1006 4 98 7 49 2 13 0 64 7
1015 1006 4 20 6 85 3 50 2 7 5
1015 1006 4 99 7 84 0 64 7 13 1
1015 1006 4 10 1 60 4 85 3 45 5
1015 1006 4 99 1 88 5 17 1 32 7
1015 1006 4 50 4 78 3 45 3 60 7
1015 1006 4 13 0 26 6 32 7 88 2
1015 1006 4 60 4 7 5 78 7 15 2
1015 1006 4 98 7 57 7 26 1 49 7
1015 1006 4 45 4 95 4 78 7 85 2
1015 1006 4 68 2 44 2 32 2 13 1
1015 1006 4 60 2 47 7 50 7 10 7
1015 1006 4 26 6 19 2 64 5 32 5
1015 1006 4 47 2 60 2 45 3 46 2
1015 1006 4 17 1 64 5 88 5 32 5
1015 1006 4 20 2 45 6 78 2 7 2
1015 1006 4 19 2 17 1 49 5 99 3
1015 1006 4 45 7 95 4 7 2 85 2
1015 1006 4 49 7 41 0 26 0 19 0
1015 1006 4 60 7 23 7 45 3 85 3
1015 1006 4 19 6 98 4 26 0 13 0
1015 1006 4 1 6 20 6 50 6 95 3
1015 1006 4 84 2 32 7 17 0 98 2
1015 1006 4 23 7 50 2 10 7 46 7
1015 1006 4 92 6 84 7 19 6 42 5
1015 1006 4 85 4 78 3 47 5 46 2
1015 1006 4 58 2 40 5 64 2 42 5
1015 1006 4 78 3 20 3 15 7 60 4
1015 1006 4 42 2 92 0 68 7 88 2
1015 1006 4 56 4 95 3 47 2 20 3
1015 1006 4 19 7 92 6 68 0 57 5
1015 1006 4 46 0 47 2 78 2 56 3
1015 1006 4 98 3 68 2 49 5 57 5
1015 1006 4 7 5 23 2 60 7 85 3
1015 1006 4 44 4 25 6 17 1 40 2
1015 1006 4 20 3 10 0 1 5 85 5
1015 1006 4 57 5 64 5 11 1 88 7
1015 1006 4 23 7 50 5 95 3 10 5
1015 1006 4 40 7 84 2 44 4 13 1
1015 1006 4 23 2 85 4 20 7 78 2
1015 1006 4 42 2 32 2 17 1 58 7
1015 1006 4 78 3 10 5 50 6 15 7
1015 1006 4 92 0 40 2 68 7 41 0
1015 1006 4 50 5 78 5 45 3 46 2
1015 1006 4 99 4 88 5 98 2 17 1
1015 1006 4 78 4 23 6 1 5 56 6
1015 1006 4 92 1 25 2 49 7 19 0
1015 1006 4 60 7 7 4 78 3 47 5
1015 1006 4 92 0 19 2 99 1 26 1
1015 1006 4 95 4 20 3 56 2 1 7
1015 1006 4 92 6 44 6 88 5 25 4
1015 1006 4 10 7 20 3 46 0 50 4
1015 1006 4 57 7 41 7 44 4 17 0
1015 1006 4 78 5 46 0 7 4 1 2
1015 1006 4 98 4 41 6 42 2 13 0
1015 1006 4 46 2 47 7 45 7 10 7
1015 1006 4 57 5 42 5 98 4 17 0
1015 1006 4 10 1 46 2 45 2 95 3
1015 1006 4 40 2 17 1 42 5 44 5
1015 1006 4 23 2 50 4 95 3 20 6
1015 1006 4 41 2 92 1 19 0 11 1
1015 1006 4 47 7 50 4 85 4 1 5
1015 1006 4 49 7 57 7 84 0 98 2
1015 1006 4 60 7 7 3 85 4 1 2
1015 1006 4 19 6 64 0 26 6 41 0
1015 1006 4 1 3 50 4 47 2 20 3
1015 1006 4 19 2 40 6 11 0 13 0
1015 1006 4 50 4 78 7 56 4 60 4
1015 1006 4 19 6 88 5 13 1 92 6
1015 1006 4 45 5 46 2 7 4 95 3
1015 1006 4 68 0 40 2 26 6 13 1
1015 1006 4 56 7 45 7 10 5 95 4
1015 1006 4 58 2 92 6 19 7 84 7
1015 1006 4 60 4 85 4 7 3 46 2
1015 1006 4 99 1 19 6 58 7 98 1
1015 1006 4 20 7 7 2 78 5 60 4
1015 1006 4 98 1 49 2 58 6 68 2
1015 1006 4 95 3 20 6 50 5 23 6
1015 1006 4 32 6 13 1 98 1 57 2
1015 1006 4 85 3 95 4 20 6 46 0
1015 1006 4 84 2 44 4 99 7 41 2
1015 1006 4 47 5 95 4 20 6 23 6
1015 1006 4 44 4 41 7 99 7 11 1
1015 1006 4 56 6 60 2 20 7 95 4
1015 1006 4 11 0 11 6 11 1 11 0
1015 1006 4 13 1 13 0 13 1 13 0
1015 1006 4 17 0 17 1 17 0 17 1
1015 1006 4 19 5 19 6 19 7 19 2
1015 1006 4 25 5 25 7 25 4 25 6
1015 1006 4 26 6 26 1 26 0 26 6
1015 1006 4 32 6 32 7 32 5 32 2
1015 1006 4 40 2 40 6 40 5 40 7
1015 1006 4 41 2 41 0 41 6 41 7
1015 1006 4 42 5 42 2 42 5 42 2
1015 1006 4 44 2 44 0 44 5 44 7
1015 1006 4 49 7 49 6 49 5 49 2
1015 1006 4 57 2 57 7 57 5 57 2
1015 1006 4 58 7 58 5 58 2 58 6
1015 1006 4 64 0 64 5 64 2 64 7
1015 1006 4 68 2 68 0 68 7 68 2
1015 1006 4 84 0 84 7 84 2 84 0
1015 1006 4 88 7 88 2 88 5 88 7
1015 1006 4 92 1 92 0 92 6 92 1
1015 1006 4 98 2 98 7 98 1 98 3
1015 1006 4 99 2 99 4 99 1 99 7
1015 1006 4 1 2 1 4 1 5 1 3
1015 1006 4 7 2 7 5 7 4 7 3
1015 1006 4 10 6 10 2 10 0 10 5
1015 1006 4 15 2 15 6 15 7 15 0
1015 1006 4 20 7 20 3 20 6 20 2
1015 1006 4 23 2 23 6 23 7 23 2
1015 1006 4 45 3 45 4 45 2 45 7
1015 1006 4 46 2 46 7 46 0 46 2
1015 1006 4 47 5 47 7 47 2 47 5
1015 1006 4 50 2 50 6 50 5 50 4
1015 1006 4 56 6 56 2 56 7 56 3
1015 1006 4 60 7 60 4 60 2 60 7
1015 1006 4 78 2 78 4 78 5 78 7
1015 1006 4 85 3 85 4 85 2 85 5
1015 1006 4 95 3 95 4 95 3 95 4
1015 1006 4 11 0 92 0 26 0 25 0
1015 1006 4 26 1 13 1 92 1 11 1
1015 1006 4 58 2 32 2 44 2 88 2
1015 1006 4 98 3 99 3 98 3 99 3
1015 1006 4 98 4 25 4 99 4 44 4
1015 1006 4 40 5 44 5 32 5 64 5
1015 1006 4 58 6 25 6 26 6 19 6
1015 1006 4 19 7 84 7 57 7 40 7
1015 1006 4 10 0 15 0 46 0 10 0
1015 1006 4 10 1 10 1 10 1 10 1
1015 1006 4 20 2 45 2 60 2 23 2
1015 1006 4 45 3 85 3 56 3 95 3
1015 1006 4 78 4 56 4 45 4 50 4
1015 1006 4 45 5 50 5 85 5 10 5
1015 1006 4 1 6 45 6 20 6 56 6
1015 1006 4 10 7 78 7 50 7 20 7
1015 1006 4 42 2 92 0 25 5 32 7
1015 1006 4 95 4 23 2 50 2 45 6
1015 1006 4 88 2 11 6 99 7 58 2
1015 1006 4 46 2 45 2 10 5 50 4
1015 1006 4 84 7 13 1 19 5 99 4
1015 1006 4 23 7 7 3 60 2 10 5
1015 1006 4 40 7 92 0 88 5 64 5
1015 1006 4 50 5 85 2 95 3 10 2
1015 1006 4 84 7 57 5 58 7 49 6
1015 1006 4 15 2 20 2 1 7 7 2
1015 1006 4 92 0 11 1 99 7 88 5
1015 1006 4 56 4 15 0 46 2 50 7
1015 1006 4 41 2 42 5 88 2 49 5
1015 1006 4 85 3 45 6 56 2 7 2
1015 1006 4 25 0 13 1 98 3 68 0
1015 1006 4 23 2 7 5 47 2 10 0
1015 1006 4 84 7 49 2 19 2 25 6
1015 1006 4 20 6 60 4 95 4 50 2
1015 1006 4 32 5 49 7 40 2 98 4
1015 1006 4 47 2 95 4 50 5 56 3
1015 1006 4 88 5 44 2 99 1 42 2
1015 1006 4 56 6 45 3 10 1 15 0
1015 1006 4 92 6 17 0 57 7 32 7
1015 1006 4 60 4 78 4 95 4 7 5
1015 1006 4 84 0 57 2 44 2 41 0
1015 1006 4 15 6 60 2 45 2 1 7
1015 1006 4 49 2 92 0 26 0 42 2
1015 1006 4 85 4 1 6 15 6 23 7
1015 1006 4 17 1 13 1 57 5 68 0
1015 1006 4 1 6 23 2 56 4 10 0
1015 1006 4 11 0 57 2 99 3 17 1
1015 1006 4 20 7 15 2 85 4 50 2
1015 1006 4 98 1 58 5 13 0 11 0
1015 1006 4 1 5 47 2 95 3 20 2
1015 1006 4 64 7 92 6 49 2 58 6
1015 1006 4 20 7 50 5 45 6 60 7
1015 1006 4 99 1 68 7 64 2 11 6
1015 1006 4 78 4 95 4 7 4 50 2
1015 1006 4 11 1 26 0 57 5 19 0
1015 1006 4 85 4 60 4 45 4 23 6
1015 1006 4 58 6 11 0 26 0 68 2
1015 1006 4 45 3 60 4 95 4 85 2
1015 1006 4 99 3 57 7 64 0 19 5
1015 1006 4 1 6 20 3 78 3 95 4
1015 1006 4 99 1 32 6 84 7 64 0
1015 1006 4 46 0 15 6 20 3 60 7
1015 1006 4 92 1 25 0 49 6 26 6
1015 1006 4 85 4 10 1 7 3 20 6
1015 1006 4 92 6 68 2 88 7 26 1
1015 1006 4 20 7 23 6 50 2 7 3
1015 1006 4 40 5 41 2 32 6 44 5
1015 1006 4 56 6 85 4 20 6 10 6
1015 1006 4 49 2 40 6 57 7 17 1
1015 1006 4 46 2 95 4 45 2 50 2
1015 1006 4 17 0 40 6 84 0 99 7
1015 1006 4 23 6 78 7 15 2 56 6
1015 1006 4 13 1 88 2 26 6 92 6
1015 1006 4 78 5 56 7 15 7 45 3
1015 1006 4 88 7 40 2 99 7 84 0
1015 1006 4 7 5 1 7 45 4 60 7
1015 1006 4 11 6 84 2 49 6 25 5
1015 1006 4 95 3 1 2 23 2 50 4
1015 1006 4 40 5 25 0 49 6 44 7
1015 1006 4 1 7 60 7 45 2 50 6
1015 1006 4 26 1 99 1 44 2 84 7
1015 1006 4 47 5 20 3 10 0 85 5
1015 1006 4 44 0 40 2 42 2 64 5
1015 1006 4 10 6 20 3 56 2 85 2
1015 1006 4 99 4 25 4 88 7 44 4
1015 1006 4 45 5 10 0 7 2 50 7
1015 1006 4 88 2 25 0 98 1 58 5
1015 1006 4 45 2 15 0 78 4 85 2
1015 1006 4 32 6 64 5 42 2 11 6
1015 1006 4 60 7 23 2 15 2 78 3
1015 1006 4 13 1 11 0 88 5 68 2
1015 1006 4 23 6 20 7 95 3 1 5
1015 1006 4 88 2 25 5 42 2 84 0
1015 1006 4 20 6 7 5 15 7 10 7
1015 1006 4 68 2 88 7 25 4 98 7
1015 1006 4 95 3 10 1 45 2 50 6
1015 1006 4 42 2 57 5 19 6 26 6
1015 1006 4 95 3 20 6 85 4 7 3
1015 1006 4 92 1 84 7 58 2 88 5
1015 1006 4 60 4 10 5 78 3 15 2
1015 1006 4 26 0 42 5 57 7 58 7
1015 1006 4 60 4 78 5 95 3 10 0
1015 1006 4 68 7 13 1 11 1 32 6
1015 1006 4 56 6 23 6 50 6 60 7
1015 1006 4 84 0 41 2 49 6 57 2
1015 1006 4 45 2 56 4 78 7 7 5
1015 1006 4 49 6 88 2 25 7 99 2
1015 1006 4 20 3 7 5 1 6 45 6
1015 1006 4 32 5 88 5 49 5 92 6
1015 1006 4 45 5 78 5 56 7 60 7
1015 1006 4 25 2 32 7 17 1 42 5
1015 1006 4 95 3 60 4 56 7 10 6
1015 1006 4 92 1 98 3 17 0 88 5
1015 1006 4 47 7 95 3 10 0 50 5
1015 1006 4 92 1 64 2 49 7 25 6
1015 1006 4 95 4 56 4 10 5 46 7
1015 1006 4 13 1 44 2 19 0 68 0
1015 1006 4 1 6 45 5 78 5 50 4
1015 1006 4 99 4 25 4 98 2 41 6
1015 1006 4 95 4 50 7 10 7 15 6
1015 1006 4 40 5 17 0 98 1 41 6
1015 1006 4 23 2 7 2 10 5 50 6
1015 1006 4 92 0 42 5 68 7 84 0
1015 1006 4 45 5 15 7 56 7 1 4
1015 1006 4 26 6 11 1 84 0 17 0
1015 1006 4 15 2 1 6 50 4 78 2
1015 1006 4 13 1 44 2 26 0 64 2
1015 1006 4 45 4 20 7 85 5 78 7
1015 1006 4 17 0 68 0 41 0 92 6
1015 1006 4 45 2 78 4 50 6 20 2
1015 1006 4 84 0 25 7 49 5 32 6
1015 1006 4 85 3 45 4 15 0 23 2
1015 1006 4 49 2 99 2 88 2 58 5
1015 1006 4 85 2 78 5 60 7 47 5
1015 1006 4 13 0 57 2 92 6 84 2
1015 1006 4 85 3 47 2 56 6 20 2
1015 1006 4 17 0 25 5 11 6 19 6
1015 1006 4 23 7 50 6 45 7 1 2
1015 1006 4 92 0 42 2 57 7 64 5
1015 1006 4 45 4 47 5 15 0 1 6
1015 1006 4 32 6 68 7 88 7 40 2
1015 1006 4 95 4 10 0 1 7 23 2
1015 1006 4 25 7 41 0 68 0 32 7
1015 1006 4 20 2 7 2 95 4 45 3
1015 1006 4 19 5 17 0 98 1 99 7
1015 1006 4 46 7 45 4 23 6 50 4
1015 1006 4 17 1 99 7 19 7 57 5
1015 1006 4 20 2 10 0 60 4 50 7
1015 1006 4 58 7 11 0 84 0 41 7
1015 1006 4 60 4 56 3 20 3 47 2
1015 1006 4 17 0 26 0 64 5 42 2
1015 1006 4 78 4 20 6 47 5 60 7
1015 1006 4 84 0 17 1 99 1 25 6
1015 1006 4 46 2 95 3 47 7 23 7
1015 1006 4 17 0 92 1 41 2 98 1
1015 1006 4 60 7 85 2 95 3 1 5
1015 1006 4 42 2 98 2 25 2 64 0
1015 1006 4 15 2 56 4 1 2 45 5
1015 1006 4 57 7 11 1 40 7 92 6
1015 1006 4 46 0 45 6 20 7 60 4
1015 1006 4 41 6 99 4 26 1 32 5
1015 1006 4 15 0 46 0 95 4 60 7
1015 1006 4 92 1 58 6 17 1 98 3
1015 1006 4 60 4 23 2 95 4 56 4
1015 1006 4 32 5 99 1 92 6 17 1
1015 1006 4 85 4 23 6 45 3 60 7
1015 1006 4 42 5 57 5 92 6 58 2
1015 1006 4 20 2 15 2 1 3 23 6
1015 1006 4 58 6 42 2 11 1 88 2
1015 1006 4 10 1 95 4 20 6 78 4
1015 1006 4 25 0 88 5 26 6 84 0
1015 1006 4 50 6 20 6 10 7 47 2
1015 1006 4 44 6 42 5 58 7 19 6
1015 1006 4 1 2 78 7 95 3 10 0
1015 1006 4 17 0 99 1 41 7 11 0
1015 1006 4 45 2 50 2 10 2 47 2
1015 1006 4 58 6 26 0 11 6 17 1
1015 1006 4 15 0 7 3 47 7 78 5
1015 1006 4 41 7 40 7 88 5 17 1
1015 1006 4 7 2 46 0 50 7 95 4
1015 1006 4 17 1 26 0 84 2 40 2
1015 1006 4 1 3 45 4 60 7 10 1
1015 1006 4 25 7 99 4 32 5 49 2
1015 1006 4 45 2 78 7 10 1 95 3
1015 1006 4 99 4 98 4 92 1 68 7
1015 1006 4 23 7 60 4 85 2 20 2
1015 1006 4 41 6 44 0 58 2 84 7
1015 1006 4 20 2 45 2 23 7 1 6
1015 1006 4 40 2 98 1 84 7 99 1
1015 1006 4 23 7 60 4 45 7 10 6
1015 1006 4 41 0 57 7 42 5 88 7
1015 1006 4 45 6 56 4 46 2 20 2
1015 1006 4 98 1 41 0 84 7 57 2
1015 1006 4 10 2 23 2 95 4 85 2
1015 1006 4 32 5 25 4 57 7 26 6
1015 1006 4 50 2 78 7 95 4 46 7
1015 1006 4 17 1 44 6 88 7 64 7
1015 1006 4 60 7 56 6 1 5 47 7
1015 1006 4 92 0 58 5 41 2 68 7
1015 1006 4 15 0 60 4 20 7 85 3
1015 1006 4 13 1 32 7 88 7 44 5
1015 1006 4 60 4 23 2 7 3 10 7
1015 1006 4 13 1 84 0 26 1 88 7
1015 1006 4 56 3 78 2 7 4 20 7
1015 1006 4 84 0 68 0 11 6 99 4
1015 1006 4 85 4 45 7 95 4 56 6
1015 1006 4 26 0 64 5 58 2 57 7
1015 1006 4 10 7 45 2 46 7 85 3
1015 1006 4 42 5 68 0 13 1 19 6
1015 1006 4 10 2 47 7 45 3 46 0
1015 1006 4 19 7 32 7 99 3 84 7
1015 1006 4 10 0 20 7 78 5 50 6
1015 1006 4 68 2 17 1 92 0 13 1
1015 1006 4 95 3 7 2 45 2 60 4
1015 1006 4 84 7 32 6 92 0 64 0
1015 1006 4 46 7 47 5 15 2 10 6
1015 1006 4 13 0 26 1 68 7 19 5
1015 1006 4 7 4 78 4 45 6 20 2
1015 1006 4 11 6 32 2 25 4 49 5
1015 1006 4 47 2 23 7 10 7 15 0
1015 1006 4 13 0 19 7 68 0 99 4
1015 1006 4 78 2 1 4 50 6 56 6
1015 1006 4 92 1 26 6 19 7 57 7
1015 1006 4 46 7 10 0 15 2 85 5
1015 1006 4 84 0 40 6 64 2 58 7
1015 1006 4 7 3 50 6 60 7 95 3
1015 1006 4 11 0 11 1 11 6 11 0
1015 1006 4 13 0 13 1 13 0 13 1
1015 1006 4 17 1 17 0 17 1 17 0
1015 1006 4 19 5 19 6 19 7 19 0
1015 1006 4 25 0 25 2 25 4 25 7
1015 1006 4 32 2 32 6 32 7 32 5
1015 1006 4 40 5 40 2 40 7 40 6
1015 1006 4 41 7 41 0 41 6 41 2
1015 1006 4 42 2 42 5 42 2 42 5
1015 1006 4 44 4 44 0 44 5 44 2
1015 1006 4 49 2 49 5 49 7 49 6
1015 1006 4 58 6 58 2 58 5 58 7
1015 1006 4 64 5 64 2 64 7 64 0
1015 1006 4 68 2 68 7 68 0 68 2
1015 1006 4 84 0 84 2 84 7 84 0
1015 1006 4 88 5 88 2 88 7 88 5
1015 1006 4 92 0 92 6 92 1 92 0
1015 1006 4 98 7 98 2 98 4 98 1
1015 1006 4 99 2 99 7 99 3 99 1
1015 1006 4 1 3 1 4 1 6 1 5
1015 1006 4 7 5 7 2 7 4 7 3
1015 1006 4 10 2 10 6 10 0 10 1
1015 1006 4 15 6 15 7 15 0 15 2
1015 1006 4 20 2 20 7 20 3 20 6
1015 1006 4 23 7 23 2 23 6 23 7
1015 1006 4 45 3 45 5 45 6 45 4
1015 1006 4 46 7 46 2 46 0 46 7
1015 1006 4 47 7 47 5 47 2 47 7
1015 1006 4 50 7 50 5 50 2 50 6
1015 1006 4 56 6 56 4 56 3 56 7
1015 1006 4 60 4 60 7 60 2 60 4
1015 1006 4 78 5 78 7 78 2 78 4
1015 1006 4 85 2 85 3 85 4 85 5
1015 1006 4 95 4 95 3 95 4 95 3
1015 1006 4 64 0 19 0 26 0 68 0
1015 1006 4 98 1 13 1 17 1 26 1
1015 1006 4 57 2 40 2 49 2 84 2
1015 1006 4 44 4 98 4 25 4 99 4
1015 1006 4 32 5 44 5 19 5 88 5
1015 1006 4 32 6 58 6 44 6 92 6
1015 1006 4 88 7 68 7 57 7 40 7
1015 1006 4 15 0 46 0 10 0 15 0
1015 1006 4 10 2 45 2 46 2 15 2
1015 1006 4 7 3 78 3 95 3 85 3
1015 1006 4 60 4 85 4 56 4 78 4
1015 1006 4 47 5 78 5 1 5 85 5
1015 1006 4 45 6 1 6 15 6 50 6
1015 1006 4 46 7 45 7 56 7 47 7
1015 1006 4 49 2 84 2 42 5 68 2
1015 1006 4 10 7 56 4 1 2 7 3
1015 1006 4 92 1 64 0 26 0 84 0
1015 1006 4 56 3 23 7 85 3 95 4
1015 1006 4 41 0 57 7 11 0 64 7
1015 1006 4 10 6 1 4 95 3 45 5
1015 1006 4 57 2 99 2 88 7 44 5
1015 1006 4 45 2 20 6 1 4 46 0
1015 1006 4 49 7 99 3 19 2 32 5
1015 1006 4 85 4 60 4 23 6 47 5
1015 1006 4 26 6 32 6 88 5 64 0
1015 1006 4 50 4 85 5 60 2 15 6
1015 1006 4 19 7 92 0 88 2 11 0
1015 1006 4 1 7 50 2 45 2 95 3
1015 1006 4 49 7 13 1 42 5 26 1
1015 1006 4 7 3 45 3 46 2 50 6
1015 1006 4 41 6 99 7 88 2 25 5
1015 1006 4 95 3 85 5 20 3 50 4
1015 1006 4 17 0 84 7 58 2 57 2
1015 1006 4 60 4 23 6 46 0 56 7
1015 1006 4 64 0 98 1 19 5 68 7
1015 1006 4 15 2 85 3 95 3 47 2
1015 1006 4 42 2 32 5 99 1 41 7
1015 1006 4 15 7 60 2 46 0 78 5
1015 1006 4 99 1 92 6 40 5 25 5
1015 1006 4 46 2 56 4 60 4 95 4
1015 1006 4 25 7 32 7 17 1 58 6
1015 1006 4 1 3 56 3 47 7 20 6
1015 1006 4 19 6 25 4 98 1 32 5
1015 1006 4 45 7 15 2 78 2 50 6
1015 1006 4 88 2 41 2 92 6 40 5
1015 1006 4 60 4 23 2 78 2 7 4
1015 1006 4 98 1 88 7 42 2 41 6
1015 1006 4 60 4 1 3 47 7 50 2
1015 1006 4 19 5 41 0 32 7 64 2
1015 1006 4 50 5 15 0 56 6 23 7
1015 1006 4 88 7 49 5 17 1 41 0
1015 1006 4 15 7 47 2 50 6 46 7
1015 1006 4 92 0 26 1 11 6 25 2
1015 1006 4 78 2 10 5 60 2 45 7
1015 1006 4 40 2 17 1 92 1 88 2
1015 1006 4 78 3 45 7 60 7 10 6
1015 1006 4 17 0 11 1 42 2 64 5
1015 1006 4 47 2 20 6 45 6 56 4
1015 1006 4 98 1 32 6 41 7 40 7
1015 1006 4 15 7 56 2 60 2 85 3
1015 1006 4 25 7 11 0 41 6 99 4
1015 1006 4 7 3 46 0 85 5 47 7
1015 1006 4 44 4 68 7 98 3 99 7
1015 1006 4 10 7 45 5 20 6 95 4
1015 1006 4 19 2 99 4 40 2 32 6
1015 1006 4 20 6 60 4 47 2 15 0
1015 1006 4 41 0 58 5 64 2 26 1
1015 1006 4 23 2 85 2 10 1 78 5
1015 1006 4 49 6 41 0 88 5 92 1
1015 1006 4 47 2 10 6 15 6 45 7
1015 1006 4 41 2 57 2 92 1 40 2
1015 1006 4 10 7 1 7 60 2 23 2
1015 1006 4 26 1 40 7 25 7 19 2
1015 1006 4 56 2 78 7 47 2 85 3
1015 1006 4 25 5 88 7 98 7 41 2
1015 1006 4 1 6 78 4 15 0 7 2
1015 1006 4 41 7 25 7 99 7 84 7
1015 1006 4 10 5 56 2 1 4 46 2
1015 1006 4 41 7 44 6 49 7 58 5
1015 1006 4 47 7 15 6 1 6 78 5
1015 1006 4 49 5 99 7 26 6 42 2
1015 1006 4 23 2 10 2 1 6 50 4
1015 1006 4 99 3 25 5 11 6 49 6
1015 1006 4 95 4 60 7 10 5 7 3
1015 1006 4 41 7 84 0 40 5 42 5
1015 1006 4 50 5 45 5 56 7 46 0
1015 1006 4 17 0 41 7 19 6 32 7
1015 1006 4 20 2 56 6 47 5 95 3
1015 1006 4 32 7 58 5 49 6 19 2
1015 1006 4 60 4 23 7 56 3 45 2
1015 1006 4 25 5 57 2 49 2 68 0
1015 1006 4 45 4 56 6 47 5 95 4
1015 1006 4 26 6 32 2 57 5 58 6
1015 1006 4 10 7 20 3 45 5 95 4
1015 1006 4 11 1 99 3 19 6 41 6
1015 1006 4 45 3 47 2 85 4 1 6
1015 1006 4 25 0 17 1 19 6 58 6
1015 1006 4 20 2 85 4 45 4 7 2
1015 1006 4 98 3 99 1 41 7 25 6
1015 1006 4 47 5 50 6 85 5 45 6
1015 1006 4 84 0 40 7 99 7 88 7
1015 1006 4 85 5 7 4 95 3 23 2
1015 1006 4 57 7 13 0 68 2 88 2
1015 1006 4 46 0 47 2 50 5 7 3
1015 1006 4 58 5 11 0 19 6 57 2
1015 1006 4 47 5 46 7 23 7 50 7
1015 1006 4 98 2 84 7 11 0 13 1
1015 1006 4 78 4 95 3 45 2 85 5
1015 1006 4 92 1 17 1 25 5 84 0
1015 1006 4 1 5 95 4 23 2 50 7
1015 1006 4 92 0 57 7 11 0 68 7
1015 1006 4 20 2 56 7 78 5 60 7
1015 1006 4 58 2 26 1 92 1 32 7
1015 1006 4 45 3 46 2 78 5 15 6
1015 1006 4 17 1 19 7 98 7 11 0
1015 1006 4 95 3 56 4 60 4 78 2
1015 1006 4 32 6 98 2 19 2 68 0
1015 1006 4 10 5 45 7 47 5 23 2
1015 1006 4 13 0 11 6 88 2 32 7
1015 1006 4 95 4 23 7 7 3 78 5
1015 1006 4 13 1 44 5 41 6 58 2
1015 1006 4 50 5 1 4 85 5 78 2
1015 1006 4 99 1 26 1 88 2 57 7
1015 1006 4 78 3 10 0 20 2 85 5
1015 1006 4 92 0 44 6 25 7 99 7
1015 1006 4 15 6 1 7 46 0 45 2
1015 1006 4 64 2 41 7 44 0 92 1
1015 1006 4 95 4 56 3 10 1 46 0
1015 1006 4 58 5 98 4 13 1 44 0
1015 1006 4 1 3 47 2 85 3 10 7
1015 1006 4 44 4 11 0 41 7 32 2
1015 1006 4 1 2 20 2 45 7 23 7
1015 1006 4 25 5 57 7 98 4 92 6
1015 1006 4 45 2 50 4 10 1 47 7
1015 1006 4 41 7 92 0 84 0 40 6
1015 1006 4 47 2 10 5 56 7 20 3
1015 1006 4 84 7 64 0 13 0 57 5
1015 1006 4 15 2 47 7 95 4 85 5
1015 1006 4 88 5 26 0 32 7 64 2
1015 1006 4 1 2 95 4 50 2 60 7
1015 1006 4 88 2 13 0 98 3 11 6
1015 1006 4 7 4 60 2 45 3 50 2
1015 1006 4 49 2 57 2 32 2 84 7
1015 1006 4 85 4 20 6 50 4 10 7
1015 1006 4 26 1 13 0 58 7 40 2
1015 1006 4 95 3 78 5 1 4 50 7
1015 1006 4 32 6 13 0 40 2 19 6
1015 1006 4 15 0 46 0 23 2 10 1
1015 1006 4 49 7 92 0 19 2 64 2
1015 1006 4 23 6 60 2 50 2 15 0
1015 1006 4 99 7 58 2 84 0 64 5
1015 1006 4 10 5 20 6 46 2 56 4
1015 1006 4 58 6 44 0 99 7 41 0
1015 1006 4 20 3 85 5 23 2 45 2
1015 1006 4 49 5 13 1 68 0 25 0
1015 1006 4 45 3 7 5 78 3 56 3
1015 1006 4 19 0 11 6 17 1 57 2
1015 1006 4 15 6 1 5 78 5 60 4
1015 1006 4 42 5 64 0 84 7 40 5
1015 1006 4 85 4 47 5 60 4 1 3
1015 1006 4 13 0 98 4 40 2 58 7
1015 1006 4 50 5 7 3 23 7 20 3
1015 1006 4 17 0 99 2 57 7 32 6
1015 1006 4 50 6 78 2 20 7 47 2
1015 1006 4 58 2 98 2 88 7 19 6
1015 1006 4 78 3 20 2 15 7 10 2
1015 1006 4 92 1 64 5 13 0 19 6
1015 1006 4 60 7 1 7 95 3 46 7
1015 1006 4 41 6 42 5 49 7 32 7
1015 1006 4 46 2 50 2 23 2 45 7
1015 1006 4 68 2 26 6 41 6 44 5
1015 1006 4 7 3 56 2 47 5 46 2
1015 1006 4 99 1 13 0 84 7 68 2
1015 1006 4 10 2 46 0 47 7 23 2
1015 1006 4 19 5 44 0 64 0 13 1
1015 1006 4 95 4 78 2 20 6 15 2
1015 1006 4 68 7 17 1 19 6 58 6
1015 1006 4 1 7 78 2 50 4 7 4
1015 1006 4 42 5 41 0 84 7 57 2
1015 1006 4 45 5 50 6 78 7 95 3
1015 1006 4 64 0 44 2 68 2 58 7
1015 1006 4 23 6 56 2 15 6 47 5
1015 1006 4 13 0 64 5 44 4 49 2
1015 1006 4 15 2 56 2 50 2 1 2
1015 1006 4 58 2 40 2 13 0 68 0
1015 1006 4 23 7 10 2 78 4 50 2
1015 1006 4 44 0 32 5 13 1 92 6
1015 1006 4 7 3 1 2 23 2 85 2
1015 1006 4 64 5 68 2 58 5 44 2
1015 1006 4 23 2 50 5 85 5 47 2
1015 1006 4 19 0 99 7 11 0 92 6
1015 1006 4 23 6 45 7 7 4 15 6
1015 1006 4 92 6 13 1 98 7 68 0
1015 1006 4 78 5 47 5 15 6 46 2
1015 1006 4 57 5 26 1 49 7 92 1
1015 1006 4 95 3 50 2 1 3 7 3
1015 1006 4 25 0 40 6 84 7 26 1
1015 1006 4 15 0 7 2 46 7 45 6
1015 1006 4 42 2 99 2 13 1 49 7
1015 1006 4 47 2 1 7 60 4 50 5
1015 1006 4 19 7 41 2 13 1 26 6
1015 1006 4 47 7 56 6 7 2 10 0
1015 1006 4 19 7 17 1 98 7 57 7
1015 1006 4 56 7 20 2 85 2 1 2
1015 1006 4 44 7 11 1 99 1 32 5
1015 1006 4 45 3 95 4 10 7 7 2
1015 1006 4 25 5 84 7 19 5 42 2
1015 1006 4 78 3 15 6 50 4 10 5
1015 1006 4 32 6 49 2 42 5 11 6
1015 1006 4 46 7 45 6 7 5 20 3
1015 1006 4 19 7 26 6 98 4 25 5
1015 1006 4 7 4 50 5 15 2 46 0
1015 1006 4 17 1 58 5 68 7 41 0
1015 1006 4 7 4 78 3 47 7 20 2
1015 1006 4 99 2 25 6 17 1 42 5
1015 1006 4 20 2 46 7 10 6 15 2
1015 1006 4 19 0 99 2 57 2 26 0
1015 1006 4 10 0 20 6 85 2 60 7
1015 1006 4 11 6 84 0 98 7 57 7
1015 1006 4 95 4 78 5 10 6 46 7
1015 1006 4 40 2 88 7 58 7 49 5
1015 1006 4 46 2 23 6 10 1 95 3
1015 1006 4 13 1 44 4 68 0 58 6
1015 1006 4 46 0 15 6 20 3 10 1
1015 1006 4 11 1 11 6 11 0 11 1
1015 1006 4 19 7 19 5 19 2 19 6
1015 1006 4 25 7 25 0 25 4 25 2
1015 1006 4 26 1 26 6 26 0 26 1
1015 1006 4 32 7 32 6 32 2 32 5
1015 1006 4 40 5 40 6 40 7 40 2
1015 1006 4 41 6 41 2 41 0 41 7
1015 1006 4 44 6 44 0 44 2 44 5
1015 1006 4 49 6 49 2 49 7 49 5
1015 1006 4 58 5 58 7 58 6 58 2
1015 1006 4 64 5 64 0 64 2 64 7
1015 1006 4 68 7 68 0 68 2 68 7
1015 1006 4 84 2 84 7 84 0 84 2
1015 1006 4 88 7 88 5 88 2 88 7
1015 1006 4 92 1 92 6 92 0 92 1
1015 1006 4 98 1 98 7 98 2 98 4
1015 1006 4 99 2 99 1 99 3 99 4
1015 1006 4 1 5 1 7 1 2 1 4
1015 1006 4 7 2 7 4 7 3 7 5
1015 1006 4 10 1 10 6 10 5 10 7
1015 1006 4 15 7 15 6 15 2 15 0
1015 1006 4 20 7 20 2 20 3 20 6
1015 1006 4 23 7 23 6 23 2 23 7
1015 1006 4 45 4 45 2 45 3 45 6
1015 1006 4 46 7 46 0 46 2 46 7
1015 1006 4 47 5 47 2 47 7 47 5
1015 1006 4 50 5 50 7 50 2 50 4
1015 1006 4 56 2 56 3 56 6 56 7
1015 1006 4 78 2 78 7 78 3 78 5
1015 1006 4 85 4 85 5 85 2 85 3
1015 1006 4 92 0 11 0 44 0 68 0
1015 1006 4 98 1 17 1 92 1 11 1
1015 1006 4 44 2 58 2 88 2 57 2
1015 1006 4 99 3 98 3 99 3 98 3
1015 1006 4 98 4 44 4 99 4 25 4
1015 1006 4 40 5 49 5 25 5 32 5
1015 1006 4 92 6 41 6 58 6 44 6
1015 1006 4 44 7 68 7 19 7 84 7
1015 1006 4 46 0 15 0 10 0 46 0
1015 1006 4 78 2 23 2 56 2 50 2
1015 1006 4 20 3 45 3 85 3 56 3
1015 1006 4 60 4 45 4 95 4 56 4
1015 1006 4 47 5 1 5 45 5 50 5
1015 1006 4 45 6 1 6 56 6 20 6
1015 1006 4 56 7 78 7 10 7 46 7
1015 1006 4 58 7 49 7 11 6 98 3
1015 1006 4 23 6 45 5 78 4 15 2
1015 1006 4 49 2 88 5 68 0 44 0
1015 1006 4 23 6 47 7 1 7 46 0
1015 1006 4 11 6 64 2 17 1 98 4
1015 1006 4 85 3 56 3 20 3 95 3
1015 1006 4 25 4 57 5 41 6 64 7
1015 1006 4 15 0 60 2 95 3 7 3
1015 1006 4 88 2 64 7 40 7 11 6
1015 1006 4 15 0 23 7 7 4 46 0
1015 1006 4 17 1 32 2 44 5 11 0
1015 1006 4 10 1 1 3 46 0 15 7
1015 1006 4 98 4 49 6 25 0 40 5
1015 1006 4 78 4 47 2 46 7 20 6
1015 1006 4 92 0 11 1 68 0 57 2
1015 1006 4 95 3 78 5 60 7 50 6
1015 1006 4 40 5 68 0 92 0 58 2
1015 1006 4 85 5 47 7 60 7 50 4
1015 1006 4 99 3 40 5 92 6 25 5
1015 1006 4 95 4 20 3 47 5 7 4
1015 1006 4 26 0 42 2 19 2 98 3
1015 1006 4 78 2 50 4 85 3 7 2
1015 1006 4 68 7 26 1 49 2 88 5
1015 1006 4 95 4 20 2 1 7 15 0
1015 1006 4 84 7 99 3 25 5 26 6
1015 1006 4 50 4 95 4 78 3 10 6
1015 1006 4 44 6 58 2 57 5 42 2
1015 1006 4 45 6 56 7 95 4 47 2
1015 1006 4 64 5 11 1 40 6 41 0
1015 1006 4 78 7 20 7 85 3 60 2
1015 1006 4 68 2 57 7 84 7 26 6
1015 1006 4 95 3 85 2 56 7 47 5
1015 1006 4 19 5 84 7 11 0 44 5
1015 1006 4 47 5 20 3 95 4 23 2
1015 1006 4 26 1 98 4 99 2 88 7
1015 1006 4 85 2 23 7 15 6 45 3
1015 1006 4 42 5 58 6 26 0 92 0
1015 1006 4 50 4 45 3 1 2 95 4
1015 1006 4 44 7 32 2 13 0 19 2
1015 1006 4 10 6 46 7 45 7 50 5
1015 1006 4 68 0 98 3 41 2 40 6
1015 1006 4 10 5 23 2 20 3 1 6
1015 1006 4 57 7 19 5 88 5 49 2
1015 1006 4 85 4 20 7 7 5 23 2
1015 1006 4 42 5 98 1 19 0 25 5
1015 1006 4 85 3 1 2 47 5 23 6
1015 1006 4 41 2 68 2 92 1 84 0
1015 1006 4 10 0 46 0 1 5 45 6
1015 1006 4 25 7 92 0 26 0 42 2
1015 1006 4 60 4 10 0 47 2 20 2
1015 1006 4 88 7 84 2 19 5 68 0
1015 1006 4 23 2 56 2 47 5 95 4
1015 1006 4 99 4 41 7 57 7 68 0
1015 1006 4 78 7 50 4 10 1 95 4
1015 1006 4 13 0 41 2 49 6 25 0
1015 1006 4 23 6 56 2 10 6 78 2
1015 1006 4 13 1 17 1 84 0 64 5
1015 1006 4 50 2 1 3 85 4 46 0
1015 1006 4 64 2 32 6 13 1 98 4
1015 1006 4 95 3 1 3 60 7 15 2
1015 1006 4 19 0 11 0 41 2 88 2
1015 1006 4 23 6 78 3 56 7 7 4
1015 1006 4 99 4 40 6 64 7 49 2
1015 1006 4 60 7 46 2 7 5 56 7
1015 1006 4 58 2 64 7 42 5 92 0
1015 1006 4 1 4 23 6 20 6 60 7
1015 1006 4 98 2 26 1 32 5 41 6
1015 1006 4 46 2 50 7 15 2 95 4
1015 1006 4 19 5 92 0 98 4 44 6
1015 1006 4 46 2 50 2 10 2 7 2
1015 1006 4 26 0 64 5 68 2 19 5
1015 1006 4 50 4 23 7 95 3 15 2
1015 1006 4 41 6 17 0 57 2 92 0
1015 1006 4 50 7 45 2 20 3 1 7
1015 1006 4 40 5 17 1 99 4 88 5
1015 1006 4 95 4 46 7 15 2 10 6
1015 1006 4 13 1 44 4 68 2 41 6
1015 1006 4 47 5 50 7 45 4 1 6
1015 1006 4 84 2 57 5 49 5 26 0
1015 1006 4 46 0 15 2 45 3 78 4
1015 1006 4 99 3 13 0 64 0 41 6
1015 1006 4 47 2 15 6 1 4 56 2
1015 1006 4 11 0 44 7 32 7 64 5
1015 1006 4 95 4 7 3 10 7 20 3
1015 1006 4 42 5 99 7 13 1 88 5
1015 1006 4 10 7 60 4 46 0 85 3
1015 1006 4 11 6 58 2 17 1 26 1
1015 1006 4 60 7 56 3 45 7 46 2
1015 1006 4 64 7 25 2 41 2 17 0
1015 1006 4 56 6 46 7 50 6 1 2
1015 1006 4 49 6 17 1 25 6 88 2
1015 1006 4 45 7 95 3 56 6 46 2
1015 1006 4 92 0 88 7 49 6 13 1
1015 1006 4 15 0 45 4 23 2 95 4
1015 1006 4 84 0 99 1 92 0 64 7
1015 1006 4 45 3 15 6 46 0 20 3
1015 1006 4 42 5 25 6 40 6 26 1
1015 1006 4 10 0 50 6 45 7 47 5
1015 1006 4 11 0 57 2 44 0 41 6
1015 1006 4 15 0 1 6 46 0 10 0
1015 1006 4 44 4 40 7 99 3 49 7
1015 1006 4 60 4 56 7 7 2 23 2
1015 1006 4 32 2 57 7 19 7 99 4
1015 1006 4 78 4 95 3 56 4 1 3
1015 1006 4 19 7 49 6 68 0 11 1
1015 1006 4 1 6 45 6 20 2 23 6
1015 1006 4 44 2 26 0 49 2 88 7
1015 1006 4 20 6 95 4 85 2 50 2
1015 1006 4 98 3 88 5 57 2 32 5
1015 1006 4 78 2 10 6 60 2 15 2
1015 1006 4 57 5 41 2 40 6 11 0
1015 1006 4 50 2 20 7 10 7 95 3
1015 1006 4 19 2 40 5 99 7 57 5
1015 1006 4 1 2 46 7 45 3 10 1
1015 1006 4 92 1 19 2 68 2 64 7
1015 1006 4 23 2 45 4 15 0 95 3
1015 1006 4 26 0 84 7 68 2 99 2
1015 1006 4 23 2 10 1 15 7 20 2
1015 1006 4 13 0 32 2 25 0 44 4
1015 1006 4 47 2 10 0 1 3 46 7
1015 1006 4 44 5 68 7 25 2 64 7
1015 1006 4 56 7 1 7 15 2 85 3
1015 1006 4 64 0 42 5 98 2 13 1
1015 1006 4 78 2 45 4 7 2 95 4
1015 1006 4 41 6 99 7 92 6 58 6
1015 1006 4 15 7 56 3 20 7 45 3
1015 1006 4 25 5 58 2 44 0 41 2
1015 1006 4 85 3 15 7 50 2 23 6
1015 1006 4 98 7 58 5 17 0 42 5
1015 1006 4 56 4 46 0 7 3 15 6
1015 1006 4 13 1 32 5 44 2 98 1
1015 1006 4 46 2 56 2 20 2 50 2
1015 1006 4 26 0 19 0 17 0 98 7
1015 1006 4 60 7 7 2 1 2 15 6
1015 1006 4 64 5 49 5 19 2 25 0
1015 1006 4 46 7 10 0 45 3 95 4
1015 1006 4 98 3 32 5 17 1 88 7
1015 1006 4 78 7 56 7 45 3 50 7
1015 1006 4 92 0 41 6 84 7 44 0
1015 1006 4 15 0 85 3 46 0 78 3
1015 1006 4 13 1 19 2 99 4 58 2
1015 1006 4 1 2 60 4 50 4 95 3
1015 1006 4 44 0 11 1 13 1 42 5
1015 1006 4 47 7 23 7 95 3 60 4
1015 1006 4 49 5 68 7 84 0 19 0
1015 1006 4 45 5 15 2 10 5 56 3
1015 1006 4 17 0 64 0 40 6 11 0
1015 1006 4 15 2 60 7 1 2 47 2
1015 1006 4 99 2 41 7 98 2 17 0
1015 1006 4 47 2 15 2 10 0 1 3
1015 1006 4 40 5 64 7 41 2 98 7
1015 1006 4 60 7 78 5 23 7 56 6
1015 1006 4 92 1 98 1 58 6 64 5
1015 1006 4 7 3 1 6 85 2 60 4
1015 1006 4 17 1 98 7 25 2 32 7
1015 1006 4 1 2 7 2 56 6 47 2
1015 1006 4 32 5 92 1 99 7 11 1
1015 1006 4 1 2 95 3 10 0 15 2
1015 1006 4 11 6 40 2 58 5 42 2
1015 1006 4 60 7 20 3 45 6 95 4
1015 1006 4 44 6 49 5 13 1 68 2
1015 1006 4 95 4 60 4 10 7 1 7
1015 1006 4 11 1 57 5 44 4 26 6
1015 1006 4 50 4 46 2 7 5 95 4
1015 1006 4 40 2 41 6 25 5 98 2
1015 1006 4 20 3 95 4 23 6 47 2
1015 1006 4 13 0 17 0 19 0 40 7
1015 1006 4 20 7 46 2 85 4 47 5
1015 1006 4 57 7 49 7 44 0 64 5
1015 1006 4 10 6 47 2 23 7 20 3
1015 1006 4 11 1 26 6 44 6 99 2
1015 1006 4 78 5 85 5 45 7 46 0
1015 1006 4 92 6 32 6 25 0 68 0
1015 1006 4 47 5 56 2 23 2 50 2
1015 1006 4 92 1 42 2 32 6 57 7
1015 1006 4 50 6 78 5 60 4 47 2
1015 1006 4 99 7 42 2 41 7 58 5
1015 1006 4 50 6 46 7 45 6 1 7
1015 1006 4 40 5 25 0 26 1 42 2
1015 1006 4 23 6 10 1 45 5 15 7
1015 1006 4 26 6 41 7 11 6 57 7
1015 1006 4 47 2 20 2 46 2 85 4
1015 1006 4 19 2 44 5 57 7 92 0
1015 1006 4 85 5 56 2 95 3 60 7
1015 1006 4 11 0 68 0 32 7 41 0
1015 1006 4 47 7 20 2 10 5 78 3
1015 1006 4 68 2 13 0 98 7 19 5
1015 1006 4 15 7 45 4 50 4 78 7
1015 1006 4 88 5 57 5 84 0 11 0
1015 1006 4 47 7 46 0 78 7 10 6
1015 1006 4 68 2 11 0 88 2 57 7
1015 1006 4 47 7 10 7 78 7 23 2
1015 1006 4 49 2 68 0 41 7 26 1
1015 1006 4 78 3 56 2 46 7 15 0
1015 1006 4 98 3 92 0 84 2 25 4
1015 1006 4 56 2 15 6 60 7 50 7
1015 1006 4 92 6 64 5 17 0 44 4
1015 1006 4 7 4 60 2 56 7 85 5
1015 1006 4 84 0 57 2 32 5 99 2
1015 1006 4 56 6 95 4 45 5 15 7
1015 1006 4 58 6 57 5 25 5 32 5
1015 1006 4 10 5 78 5 20 2 45 2
1015 1006 4 44 4 98 2 49 2 32 2
1015 1006 4 7 3 95 3 1 4 78 2
1015 1006 4 88 2 58 6 42 2 92 6
1015 1006 4 95 4 15 7 1 2 50 7
1015 1006 4 58 6 25 0 92 6 88 7
1015 1006 4 10 7 46 2 78 5 50 5
1015 1006 4 26 0 19 6 68 0 25 4
1015 1006 4 47 7 7 5 46 7 23 6
1015 1006 4 11 6 11 1 11 0 11 6
1015 1006 4 19 5 19 2 19 0 19 7
1015 1006 4 25 5 25 2 25 0 25 4
1015 1006 4 32 7 32 2 32 5 32 6
1015 1006 4 41 6 41 0 41 7 41 2
1015 1006 4 44 2 44 4 44 5 44 6
1015 1006 4 49 5 49 7 49 2 49 6
1015 1006 4 57 7 57 5 57 2 57 7
1015 1006 4 58 7 58 5 58 6 58 2
1015 1006 4 64 7 64 2 64 5 64 0
1015 1006 4 68 7 68 2 68 0 68 7
1015 1006 4 84 7 84 2 84 0 84 7
1015 1006 4 98 4 98 1 98 7 98 3
1015 1006 4 99 2 99 7 99 3 99 4
1015 1006 4 1 3 1 5 1 2 1 6
