1016 1003 0 88 7
1016 1003 0 95 3
1016 1003 0 92 1
1016 1003 0 15 6
1016 1003 0 40 6
1016 1003 0 15 2
1016 1003 0 26 1
1016 1003 0 10 2
1016 1003 0 64 0
1016 1003 0 85 4
1016 1003 0 99 4
1016 1003 0 50 7
1016 1003 0 99 7
1016 1003 0 1 4
1016 1003 0 58 2
1016 1003 0 60 2
1016 1003 0 92 6
1016 1003 0 60 7
1016 1003 0 49 5
1016 1003 0 46 2
1016 1003 0 84 7
1016 1003 0 11 6
1016 1003 0 45 2
1016 1003 0 19 0
1016 1003 0 56 6
1016 1003 0 13 1
1016 1003 0 88 5
1016 1003 0 32 5
1016 1003 0 19 7
1016 1003 0 23 7
1016 1003 0 44 7
1016 1003 0 15 7
1016 1003 0 23 2
1016 1003 0 98 2
1016 1003 0 78 4
1016 1003 0 41 6
1016 1003 0 50 4
1016 1003 0 20 3
1016 1003 0 68 7
1016 1003 0 1 7
1016 1003 0 19 2
1016 1003 0 1 2
1016 1003 0 44 2
1016 1003 0 92 0
1016 1003 0 7 5
1016 1003 0 57 2
1016 1003 0 20 7
1016 1003 0 32 7
1016 1003 0 13 0
1016 1003 0 56 4
1016 1003 0 58 7
1016 1003 0 78 3
1016 1003 0 17 1
1016 1003 0 45 7
1016 1003 0 41 7
1016 1003 0 47 2
1016 1003 0 44 4
1016 1003 0 47 5
1016 1003 0 68 2
1016 1003 0 1 3
1016 1003 0 84 0
1016 1003 0 20 2
1016 1003 0 95 4
1016 1003 0 42 5
1016 1003 0 85 5
1016 1003 0 44 5
1016 1003 0 15 0
1016 1003 0 42 2
1016 1003 0 26 0
1016 1003 0 32 2
1016 1003 0 20 6
1016 1003 0 85 3
1016 1003 0 88 2
1016 1003 0 47 7
1016 1003 0 64 5
1016 1003 0 45 3
1016 1003 0 41 0
1016 1003 0 7 4
1016 1003 0 45 5
1016 1003 0 78 7
1016 1003 0 45 4
1016 1003 0 57 7
1016 1003 0 56 7
1016 1003 0 78 5
1016 1003 0 99 2
1016 1003 0 44 0
1016 1003 0 1 6
1016 1003 0 10 5
1016 1003 0 7 2
1016 1003 0 46 0
1016 1003 0 58 5
1016 1003 0 41 2
1016 1003 0 64 2
1016 1003 0 60 4
1016 1003 0 40 2
1016 1003 0 49 6
1016 1003 0 10 7
1016 1003 0 11 0
1016 1003 0 11 1
1016 1003 0 10 0
1016 1003 0 23 6
1016 1003 0 57 5
1016 1003 0 10 1
1016 1003 0 32 6
1016 1003 0 26 6
1016 1003 0 50 2
1016 1003 0 68 0
1016 1003 0 56 3
1016 1003 0 40 5
1016 1003 0 17 0
1016 1003 0 25 4
1016 1003 0 40 7
1016 1003 0 58 6
1016 1003 0 64 7
1016 1003 0 98 1
1016 1003 0 99 3
1016 1003 0 50 5
1016 1003 0 98 3
1016 1003 0 19 6
1016 1003 0 25 7
1016 1003 0 56 2
1016 1003 0 7 3
1016 1003 0 25 6
1016 1003 0 25 0
1016 1003 0 49 2
1016 1003 0 50 6
1016 1003 0 99 1
1016 1003 0 78 2
1016 1003 0 98 4
1016 1003 0 46 7
1016 1003 0 44 6
1016 1003 0 25 5
1016 1003 0 49 7
1016 1003 0 98 7
1016 1003 0 10 6
1016 1003 0 45 6
1016 1003 0 84 2
1016 1003 0 19 5
1016 1003 0 85 2
1016 1003 0 1 5
1016 1003 0 25 2
