1020 1012 4 1015 4 1014 4 13 0 49 2
1020 1012 4 1015 4 1014 4 88 5 49 2
1020 1012 4 1015 4 1014 4 88 2 40 6
1020 1012 4 1015 4 1014 4 99 1 17 0
1020 1012 4 1015 4 1014 4 57 7 19 5
1020 1012 4 1015 4 1014 4 42 2 19 2
1020 1012 4 1015 4 1014 4 92 6 44 7
1020 1012 4 1015 4 1014 4 99 7 64 0
1020 1012 4 1015 4 1014 4 57 7 11 6
1020 1012 4 1015 4 1014 4 99 2 40 6
1020 1012 4 1015 4 1014 4 41 6 44 4
1020 1012 4 1015 4 1014 4 92 1 26 1
1020 1012 4 1015 4 1014 4 57 2 11 1
1020 1012 4 1015 4 1014 4 92 6 26 1
1020 1012 4 1015 4 1014 4 25 2 98 1
1020 1012 4 1015 4 1014 4 98 1 49 2
1020 1012 4 1015 4 1014 4 57 7 58 5
1020 1012 4 1015 4 1014 4 98 1 84 2
1020 1012 4 1015 4 1014 4 13 1 11 1
1020 1012 4 1015 4 1014 4 84 0 98 3
1020 1012 4 1015 4 1014 4 99 4 84 0
1020 1012 4 1015 4 1014 4 19 7 68 2
1020 1012 4 1015 4 1014 4 19 2 92 0
1020 1012 4 1015 4 1014 4 44 7 40 7
1020 1012 4 1015 4 1014 4 98 2 40 2
1020 1012 4 1015 4 1014 4 19 7 92 6
1020 1012 4 1015 4 1014 4 57 5 17 1
1020 1012 4 1015 4 1014 4 25 2 92 0
1020 1012 4 1015 4 1014 4 92 0 58 2
1020 1012 4 1015 4 1014 4 25 4 88 7
1020 1012 4 1015 4 1014 4 64 0 92 1
1020 1012 4 1015 4 1014 4 26 1 44 0
1020 1012 4 1015 4 1014 4 42 5 13 0
1020 1012 4 1015 4 1014 4 98 1 26 1
1020 1012 4 1015 4 1014 4 84 7 42 2
1020 1012 4 1015 4 1014 4 41 0 64 5
1020 1012 4 1015 4 1014 4 11 0 88 2
1020 1012 4 1015 4 1014 4 92 6 25 7
1020 1012 4 1015 4 1014 4 40 2 84 0
1020 1012 4 1015 4 1014 4 17 0 40 5
1020 1012 4 1015 4 1014 4 11 6 42 2
1020 1012 4 1015 4 1014 4 88 7 99 2
1020 1012 4 1015 4 1014 4 49 6 42 5
1020 1012 4 1015 4 1014 4 13 1 98 7
1020 1012 4 1015 4 1014 4 68 2 32 7
1020 1012 4 1015 4 1014 4 98 4 49 2
1020 1012 4 1015 4 1014 4 58 5 57 2
1020 1012 4 1015 4 1014 4 44 0 64 0
1020 1012 4 1015 4 1014 4 64 0 84 0
1020 1012 4 1015 4 1014 4 19 6 88 2
1020 1012 4 1015 4 1014 4 44 2 11 6
1020 1012 4 1015 4 1014 4 58 2 17 1
1020 1012 4 1015 4 1014 4 84 7 26 6
1020 1012 4 1015 4 1014 4 57 2 68 0
1020 1012 4 1015 4 1014 4 92 0 13 1
1020 1012 4 1015 4 1014 4 64 7 68 7
1020 1012 4 1015 4 1014 4 42 2 13 1
1020 1012 4 1015 4 1014 4 84 2 42 5
1020 1012 4 1015 4 1014 4 98 3 13 1
1020 1012 4 1015 4 1014 4 98 2 25 2
1020 1012 4 1015 4 1014 4 26 1 32 5
1020 1012 4 1015 4 1014 4 40 2 99 7
1020 1012 4 1015 4 1014 4 26 6 42 5
1020 1012 4 1015 4 1014 4 17 1 57 5
1020 1012 4 1015 4 1014 4 99 3 13 0
1020 1012 4 1015 4 1014 4 13 0 68 2
1020 1012 4 1015 4 1014 4 11 1 42 5
1020 1012 4 1015 4 1014 4 32 5 68 0
1020 1012 4 1015 4 1014 4 32 7 26 6
1020 1012 4 1015 4 1014 4 64 7 40 7
1020 1012 4 1015 4 1014 4 25 5 13 1
1020 1012 4 1015 4 1014 4 49 2 32 6
1020 1012 4 1015 4 1014 4 92 1 88 2
1020 1012 4 1015 4 1014 4 19 2 92 6
1020 1012 4 1015 4 1014 4 40 5 57 7
1020 1012 4 1015 4 1014 4 17 0 19 5
1020 1012 4 1015 4 1014 4 88 2 19 0
1020 1012 4 1015 4 1014 4 84 2 99 2
1020 1012 4 1015 4 1014 4 26 1 25 6
1020 1012 4 1015 4 1014 4 11 1 49 2
1020 1012 4 1015 4 1014 4 84 7 41 2
1020 1012 4 1015 4 1014 4 49 2 88 7
1020 1012 4 1015 4 1014 4 84 2 44 0
1020 1012 4 1015 4 1014 4 41 0 26 1
1020 1012 4 1015 4 1014 4 42 2 49 2
1020 1012 4 1015 4 1014 4 68 0 84 2
1020 1012 4 1015 4 1014 4 58 6 84 7
1020 1012 4 1015 4 1014 4 98 1 42 5
1020 1012 4 1015 4 1014 4 64 2 17 0
1020 1012 4 1015 4 1014 4 26 0 49 6
1020 1012 4 1015 4 1014 4 68 2 99 7
1020 1012 4 1015 4 1014 4 49 5 25 6
1020 1012 4 1015 4 1014 4 49 7 26 6
1020 1012 4 1015 4 1014 4 58 7 42 5
1020 1012 4 1015 4 1014 4 41 2 99 7
1020 1012 4 1015 4 1014 4 26 6 40 2
1020 1012 4 1015 4 1014 4 41 0 19 5
1020 1012 4 1015 4 1014 4 92 0 98 2
1020 1012 4 1015 4 1014 4 11 0 17 0
1020 1012 4 1015 4 1014 4 99 3 64 5
1020 1012 4 1015 4 1014 4 68 0 99 4
1020 1012 4 1015 4 1014 4 57 5 64 2
1020 1012 4 1015 4 1014 4 44 6 64 7
1020 1012 4 1015 4 1014 4 88 7 64 7
1020 1012 4 1015 4 1014 4 42 2 25 2
1020 1012 4 1015 4 1014 4 84 0 11 6
1020 1012 4 1015 4 1014 4 84 0 88 2
1020 1012 4 1015 4 1014 4 98 7 49 7
1020 1012 4 1015 4 1014 4 25 2 19 6
1020 1012 4 1015 4 1014 4 84 0 17 1
1020 1012 4 1015 4 1014 4 49 6 98 1
1020 1012 4 1015 4 1014 4 11 0 25 7
1020 1012 4 1015 4 1014 4 40 5 49 7
1020 1012 4 1015 4 1014 4 57 7 26 0
1020 1012 4 1015 4 1014 4 68 2 88 5
1020 1012 4 1015 4 1014 4 44 0 40 6
1020 1012 4 1015 4 1014 4 25 6 57 7
1020 1012 4 1015 4 1014 4 88 2 40 7
1020 1012 4 1015 4 1014 4 92 6 19 6
1020 1012 4 1015 4 1014 4 49 6 92 1
1020 1012 4 1015 4 1014 4 57 5 58 7
1020 1012 4 1015 4 1014 4 26 0 17 1
1020 1012 4 1015 4 1014 4 26 0 88 7
1020 1012 4 1015 4 1014 4 57 5 49 5
1020 1012 4 1015 4 1014 4 11 0 58 5
1020 1012 4 1015 4 1014 4 99 7 42 5
1020 1012 4 1015 4 1014 4 13 0 41 2
1020 1012 4 1015 4 1014 4 68 7 88 2
1020 1012 4 1015 4 1014 4 41 2 40 7
1020 1012 4 1015 4 1014 4 13 1 44 7
1020 1012 4 1015 4 1014 4 32 7 40 2
1020 1012 4 1015 4 1014 4 42 2 88 5
1020 1012 4 1015 4 1014 4 32 2 99 1
1020 1012 4 1015 4 1014 4 25 2 19 2
1020 1012 4 1015 4 1014 4 32 7 26 0
1020 1012 4 1015 4 1014 4 13 0 98 7
1020 1012 4 1015 4 1014 4 99 1 19 2
1020 1012 4 1015 4 1014 4 57 5 84 7
1020 1012 4 1015 4 1014 4 19 6 25 6
1020 1012 4 1015 4 1014 4 19 7 26 0
1020 1012 4 1015 4 1014 4 64 5 17 0
1020 1012 4 1015 4 1014 4 58 6 98 3
1020 1012 4 1015 4 1014 4 25 6 41 6
1020 1012 4 1015 4 1014 4 32 7 11 1
1020 1012 4 1015 4 1014 4 25 4 68 0
1020 1012 4 1015 4 1014 4 84 7 57 5
1020 1012 4 1015 4 1014 4 41 7 99 3
1020 1012 4 1015 4 1014 4 92 0 19 0
1020 1012 4 1015 4 1014 4 49 7 64 0
1020 1012 4 1015 4 1014 4 99 2 92 6
1020 1012 4 1015 4 1014 4 41 7 26 0
1020 1012 4 1015 4 1014 4 40 7 26 6
1020 1012 4 1015 4 1014 4 92 1 64 7
1020 1012 4 1015 4 1014 4 19 0 68 7
1020 1012 4 1015 4 1014 4 17 1 64 5
1020 1012 4 1015 4 1014 4 11 0 40 6
1020 1012 4 1015 4 1014 4 57 5 11 1
1020 1012 4 1015 4 1014 4 13 0 99 1
1020 1012 4 1015 4 1014 4 64 5 32 6
1020 1012 4 1015 4 1014 4 41 7 42 2
1020 1012 4 1015 4 1014 4 42 5 64 0
1020 1012 4 1015 4 1014 4 58 6 98 4
1020 1012 4 1015 4 1014 4 44 4 40 7
1020 1012 4 1015 4 1014 4 68 0 44 4
1020 1012 4 1015 4 1014 4 11 6 25 7
1020 1012 4 1015 4 1014 4 99 1 44 2
1020 1012 4 1015 4 1014 4 88 7 64 5
1020 1012 4 1015 4 1014 4 64 5 13 0
1020 1012 4 1015 4 1014 4 40 7 92 1
1020 1012 4 1015 4 1014 4 11 0 99 1
1020 1012 4 1015 4 1014 4 25 2 57 7
1020 1012 4 1015 4 1014 4 68 7 25 0
1020 1012 4 1015 4 1014 4 84 7 58 2
1020 1012 4 1015 4 1014 4 64 2 92 6
1020 1012 4 1015 4 1014 4 32 6 99 1
1020 1012 4 1015 4 1014 4 25 0 88 5
1020 1012 4 1015 4 1014 4 68 0 64 7
1020 1012 4 1015 4 1014 4 19 6 11 1
1020 1012 4 1015 4 1014 4 58 6 25 7
1020 1012 4 1015 4 1014 4 84 7 88 2
1020 1012 4 1015 4 1014 4 88 7 32 7
1020 1012 4 1015 4 1014 4 84 0 68 2
1020 1012 4 1015 4 1014 4 99 3 92 0
1020 1012 4 1015 4 1014 4 25 0 17 1
1020 1012 4 1015 4 1014 4 57 5 49 7
1020 1012 4 1015 4 1014 4 68 0 92 1
1020 1012 4 1015 4 1014 4 13 1 84 0
1020 1012 4 1015 4 1014 4 49 7 57 5
1020 1012 4 1015 4 1014 4 32 5 57 2
1020 1012 4 1015 4 1014 4 11 0 44 2
1020 1012 4 1015 4 1014 4 13 1 19 2
1020 1012 4 1015 4 1014 4 19 0 84 0
1020 1012 4 1015 4 1014 4 13 0 17 0
1020 1012 4 1015 4 1014 4 42 2 57 7
1020 1012 4 1015 4 1014 4 13 1 88 5
1020 1012 4 1015 4 1014 4 68 7 99 4
1020 1012 4 1015 4 1014 4 57 5 41 0
1020 1012 4 1015 4 1014 4 92 6 84 2
1020 1012 4 1015 4 1014 4 41 2 57 5
1020 1012 4 1015 4 1014 4 19 6 92 6
1020 1012 4 1015 4 1014 4 11 6 11 0
1020 1012 4 1015 4 1014 4 13 1 13 0
1020 1012 4 1015 4 1014 4 17 1 17 0
1020 1012 4 1015 4 1014 4 19 5 19 0
1020 1012 4 1015 4 1014 4 25 4 25 7
1020 1012 4 1015 4 1014 4 26 1 26 0
1020 1012 4 1015 4 1014 4 32 7 32 5
1020 1012 4 1015 4 1014 4 40 2 40 6
1020 1012 4 1015 4 1014 4 41 6 41 0
1020 1012 4 1015 4 1014 4 42 2 42 5
1020 1012 4 1015 4 1014 4 44 6 44 0
1020 1012 4 1015 4 1014 4 49 2 49 6
1020 1012 4 1015 4 1014 4 57 5 57 2
1020 1012 4 1015 4 1014 4 58 6 58 7
1020 1012 4 1015 4 1014 4 64 2 64 7
1020 1012 4 1015 4 1014 4 68 0 68 2
1020 1012 4 1015 4 1014 4 84 0 84 7
1020 1012 4 1015 4 1014 4 88 5 88 7
1020 1012 4 1015 4 1014 4 92 0 92 6
1020 1012 4 1015 4 1014 4 98 4 98 3
1020 1012 4 1015 4 1014 4 99 7 99 3
1020 1012 4 1015 4 1014 4 41 0 19 0
1020 1012 4 1015 4 1014 4 92 1 17 1
1020 1012 4 1015 4 1014 4 99 2 49 2
1020 1012 4 1015 4 1014 4 99 3 98 3
1020 1012 4 1015 4 1014 4 25 4 44 4
1020 1012 4 1015 4 1014 4 44 5 49 5
1020 1012 4 1015 4 1014 4 11 6 26 6
1020 1012 4 1015 4 1014 4 49 7 98 7
1020 1012 4 1015 4 1014 4 19 6 84 0
1020 1012 4 1015 4 1014 4 99 2 42 2
1020 1012 4 1015 4 1014 4 17 0 40 6
1020 1012 4 1015 4 1014 4 19 2 58 7
1020 1012 4 1015 4 1014 4 32 5 11 6
1020 1012 4 1015 4 1014 4 84 7 99 4
1020 1012 4 1015 4 1014 4 25 7 68 0
1020 1012 4 1015 4 1014 4 49 7 99 1
1020 1012 4 1015 4 1014 4 98 4 17 0
1020 1012 4 1015 4 1014 4 19 5 49 6
1020 1012 4 1015 4 1014 4 68 0 11 6
1020 1012 4 1015 4 1014 4 84 7 17 1
1020 1012 4 1015 4 1014 4 92 6 11 6
1020 1012 4 1015 4 1014 4 88 5 25 5
1020 1012 4 1015 4 1014 4 57 7 84 2
1020 1012 4 1015 4 1014 4 68 0 42 5
1020 1012 4 1015 4 1014 4 49 5 58 2
1020 1012 4 1015 4 1014 4 32 6 19 0
1020 1012 4 1015 4 1014 4 84 0 19 2
1020 1012 4 1015 4 1014 4 57 2 49 2
1020 1012 4 1015 4 1014 4 17 1 26 0
1020 1012 4 1015 4 1014 4 25 0 42 5
1020 1012 4 1015 4 1014 4 99 4 26 0
1020 1012 4 1015 4 1014 4 99 1 68 0
1020 1012 4 1015 4 1014 4 88 7 68 7
1020 1012 4 1015 4 1014 4 40 7 64 2
1020 1012 4 1015 4 1014 4 19 7 92 0
1020 1012 4 1015 4 1014 4 49 6 64 7
1020 1012 4 1015 4 1014 4 57 2 25 0
1020 1012 4 1015 4 1014 4 92 6 64 5
1020 1012 4 1015 4 1014 4 99 7 25 2
1020 1012 4 1015 4 1014 4 40 6 13 1
1020 1012 4 1015 4 1014 4 11 6 40 2
1020 1012 4 1015 4 1014 4 32 2 88 2
1020 1012 4 1015 4 1014 4 40 6 41 7
1020 1012 4 1015 4 1014 4 41 2 26 0
1020 1012 4 1015 4 1014 4 64 5 44 5
1020 1012 4 1015 4 1014 4 64 5 40 6
1020 1012 4 1015 4 1014 4 57 2 41 6
1020 1012 4 1015 4 1014 4 99 4 11 1
1020 1012 4 1015 4 1014 4 42 5 92 1
1020 1012 4 1015 4 1014 4 17 1 26 6
1020 1012 4 1015 4 1014 4 98 1 64 7
1020 1012 4 1015 4 1014 4 17 1 41 0
1020 1012 4 1015 4 1014 4 40 7 88 7
1020 1012 4 1015 4 1014 4 42 2 64 5
1020 1012 4 1015 4 1014 4 88 2 11 0
1020 1012 4 1015 4 1014 4 64 5 88 7
1020 1012 4 1015 4 1014 4 88 2 26 0
1020 1012 4 1015 4 1014 4 42 2 32 7
1020 1012 4 1015 4 1014 4 84 2 13 0
1020 1012 4 1015 4 1014 4 84 2 88 5
1020 1012 4 1015 4 1014 4 68 0 40 5
1020 1012 4 1015 4 1014 4 84 0 64 2
1020 1012 4 1015 4 1014 4 17 1 68 0
1020 1012 4 1015 4 1014 4 49 7 11 6
1020 1012 4 1015 4 1014 4 19 7 58 5
1020 1012 4 1015 4 1014 4 13 1 26 6
1020 1012 4 1015 4 1014 4 11 6 17 0
1020 1012 4 1015 4 1014 4 68 7 42 5
1020 1012 4 1015 4 1014 4 58 7 13 1
1020 1012 4 1015 4 1014 4 11 1 41 0
1020 1012 4 1015 4 1014 4 26 0 49 7
1020 1012 4 1015 4 1014 4 64 0 58 5
1020 1012 4 1015 4 1014 4 44 6 92 1
1020 1012 4 1015 4 1014 4 40 6 68 7
1020 1012 4 1015 4 1014 4 84 7 32 7
1020 1012 4 1015 4 1014 4 92 6 17 1
1020 1012 4 1015 4 1014 4 68 2 49 5
1020 1012 4 1015 4 1014 4 98 3 99 1
1020 1012 4 1015 4 1014 4 26 0 57 2
1020 1012 4 1015 4 1014 4 99 3 17 0
1020 1012 4 1015 4 1014 4 84 0 19 6
1020 1012 4 1015 4 1014 4 40 2 57 2
1020 1012 4 1015 4 1014 4 58 6 64 5
1020 1012 4 1015 4 1014 4 19 0 57 2
1020 1012 4 1015 4 1014 4 25 5 11 1
1020 1012 4 1015 4 1014 4 42 5 44 7
1020 1012 4 1015 4 1014 4 57 5 32 2
1020 1012 4 1015 4 1014 4 99 1 58 5
1020 1012 4 1015 4 1014 4 84 2 26 6
1020 1012 4 1015 4 1014 4 58 2 41 2
1020 1012 4 1015 4 1014 4 32 7 25 7
1020 1012 4 1015 4 1014 4 88 2 19 6
1020 1012 4 1015 4 1014 4 17 1 64 0
1020 1012 4 1015 4 1014 4 99 2 68 2
1020 1012 4 1015 4 1014 4 57 2 25 5
1020 1012 4 1015 4 1014 4 13 0 19 5
1020 1012 4 1015 4 1014 4 88 2 32 5
1020 1012 4 1015 4 1014 4 92 0 42 5
1020 1012 4 1015 4 1014 4 58 5 99 4
1020 1012 4 1015 4 1014 4 25 4 58 2
1020 1012 4 1015 4 1014 4 25 0 13 0
1020 1012 4 1015 4 1014 4 41 7 98 1
1020 1012 4 1015 4 1014 4 19 6 25 7
1020 1012 4 1015 4 1014 4 98 2 44 6
1020 1012 4 1015 4 1014 4 88 7 49 5
1020 1012 4 1015 4 1014 4 11 0 42 5
1020 1012 4 1015 4 1014 4 42 5 98 3
1020 1012 4 1015 4 1014 4 68 2 41 2
1020 1012 4 1015 4 1014 4 92 0 68 7
1020 1012 4 1015 4 1014 4 68 2 57 7
1020 1012 4 1015 4 1014 4 11 6 44 6
1020 1012 4 1015 4 1014 4 17 1 11 6
1020 1012 4 1015 4 1014 4 40 5 42 5
1020 1012 4 1015 4 1014 4 32 5 11 1
1020 1012 4 1015 4 1014 4 44 2 13 1
1020 1012 4 1015 4 1014 4 84 7 19 5
1020 1012 4 1015 4 1014 4 57 5 19 2
1020 1012 4 1015 4 1014 4 99 7 19 2
1020 1012 4 1015 4 1014 4 44 7 68 2
1020 1012 4 1015 4 1014 4 98 1 88 5
1020 1012 4 1015 4 1014 4 84 0 41 0
1020 1012 4 1015 4 1014 4 57 7 26 1
1020 1012 4 1015 4 1014 4 32 2 40 6
1020 1012 4 1015 4 1014 4 88 7 32 2
1020 1012 4 1015 4 1014 4 64 2 41 6
1020 1012 4 1015 4 1014 4 11 1 98 3
1020 1012 4 1015 4 1014 4 92 6 58 6
1020 1012 4 1015 4 1014 4 19 2 32 5
1020 1012 4 1015 4 1014 4 32 6 19 2
1020 1012 4 1015 4 1014 4 19 7 84 0
1020 1012 4 1015 4 1014 4 40 6 68 2
1020 1012 4 1015 4 1014 4 64 0 25 4
1020 1012 4 1015 4 1014 4 58 6 40 7
1020 1012 4 1015 4 1014 4 25 5 19 0
1020 1012 4 1015 4 1014 4 40 5 92 1
1020 1012 4 1015 4 1014 4 68 7 99 7
1020 1012 4 1015 4 1014 4 64 7 98 2
1020 1012 4 1015 4 1014 4 11 6 17 1
1020 1012 4 1015 4 1014 4 26 0 92 1
1020 1012 4 1015 4 1014 4 58 7 84 0
1020 1012 4 1015 4 1014 4 58 2 64 5
1020 1012 4 1015 4 1014 4 99 3 40 2
1020 1012 4 1015 4 1014 4 68 0 32 6
1020 1012 4 1015 4 1014 4 58 7 98 3
1020 1012 4 1015 4 1014 4 64 0 98 2
1020 1012 4 1015 4 1014 4 84 0 49 7
1020 1012 4 1015 4 1014 4 84 2 57 5
1020 1012 4 1015 4 1014 4 92 1 84 0
1020 1012 4 1015 4 1014 4 58 2 32 7
1020 1012 4 1015 4 1014 4 92 6 17 0
1020 1012 4 1015 4 1014 4 42 5 44 4
1020 1012 4 1015 4 1014 4 68 2 26 1
1020 1012 4 1015 4 1014 4 13 0 84 2
1020 1012 4 1015 4 1014 4 41 6 11 0
1020 1012 4 1015 4 1014 4 13 0 68 0
1020 1012 4 1015 4 1014 4 92 6 99 4
1020 1012 4 1015 4 1014 4 11 6 32 5
1020 1012 4 1015 4 1014 4 64 2 49 7
1020 1012 4 1015 4 1014 4 58 6 57 5
1020 1012 4 1015 4 1014 4 42 5 32 2
1020 1012 4 1015 4 1014 4 58 6 40 6
1020 1012 4 1015 4 1014 4 88 2 40 2
1020 1012 4 1015 4 1014 4 13 0 84 0
1020 1012 4 1015 4 1014 4 49 6 32 5
1020 1012 4 1015 4 1014 4 98 1 68 0
1020 1012 4 1015 4 1014 4 41 6 64 5
1020 1012 4 1015 4 1014 4 98 3 57 7
1020 1012 4 1015 4 1014 4 49 5 42 2
1020 1012 4 1015 4 1014 4 11 1 92 0
1020 1012 4 1015 4 1014 4 88 7 68 0
1020 1012 4 1015 4 1014 4 88 7 25 2
1020 1012 4 1015 4 1014 4 44 4 25 7
1020 1012 4 1015 4 1014 4 92 0 58 7
1020 1012 4 1015 4 1014 4 26 1 98 3
1020 1012 4 1015 4 1014 4 19 0 13 0
1020 1012 4 1015 4 1014 4 41 6 99 1
1020 1012 4 1015 4 1014 4 58 6 13 0
1020 1012 4 1015 4 1014 4 42 2 25 0
1020 1012 4 1015 4 1014 4 84 2 41 2
1020 1012 4 1015 4 1014 4 41 2 88 7
1020 1012 4 1015 4 1014 4 92 6 57 2
1020 1012 4 1015 4 1014 4 32 2 26 1
1020 1012 4 1015 4 1014 4 19 0 13 1
1020 1012 4 1015 4 1014 4 42 5 40 5
1020 1012 4 1015 4 1014 4 19 5 25 6
1020 1012 4 1015 4 1014 4 41 2 44 5
1020 1012 4 1015 4 1014 4 26 1 68 2
1020 1012 4 1015 4 1014 4 57 2 40 2
1020 1012 4 1015 4 1014 4 41 6 88 2
1020 1012 4 1015 4 1014 4 25 6 44 2
1020 1012 4 1015 4 1014 4 49 5 99 2
1020 1012 4 1015 4 1014 4 26 1 42 5
1020 1012 4 1015 4 1014 4 17 1 41 2
1020 1012 4 1015 4 1014 4 58 7 98 1
1020 1012 4 1015 4 1014 4 68 0 17 1
1020 1012 4 1015 4 1014 4 19 6 68 0
1020 1012 4 1015 4 1014 4 44 0 42 5
1020 1012 4 1015 4 1014 4 92 1 99 4
1020 1012 4 1015 4 1014 4 57 2 42 2
1020 1012 4 1015 4 1014 4 92 0 17 0
1020 1012 4 1015 4 1014 4 11 6 92 0
1020 1012 4 1015 4 1014 4 25 7 40 2
1020 1012 4 1015 4 1014 4 49 5 58 6
1020 1012 4 1015 4 1014 4 98 1 42 2
1020 1012 4 1015 4 1014 4 88 7 99 1
1020 1012 4 1015 4 1014 4 49 7 19 7
1020 1012 4 1015 4 1014 4 44 7 13 0
1020 1012 4 1015 4 1014 4 98 4 40 5
1020 1012 4 1015 4 1014 4 88 2 49 2
1020 1012 4 1015 4 1014 4 40 5 41 0
1020 1012 4 1015 4 1014 4 92 1 11 6
1020 1012 4 1015 4 1014 4 11 6 11 1
1020 1012 4 1015 4 1014 4 13 0 13 1
1020 1012 4 1015 4 1014 4 19 0 19 2
1020 1012 4 1015 4 1014 4 25 5 25 6
1020 1012 4 1015 4 1014 4 26 0 26 1
1020 1012 4 1015 4 1014 4 32 2 32 5
1020 1012 4 1015 4 1014 4 40 6 40 5
1020 1012 4 1015 4 1014 4 44 0 44 4
1020 1012 4 1015 4 1014 4 49 2 49 5
1020 1012 4 1015 4 1014 4 57 5 57 7
1020 1012 4 1015 4 1014 4 58 5 58 7
1020 1012 4 1015 4 1014 4 64 5 64 0
1020 1012 4 1015 4 1014 4 68 2 68 0
1020 1012 4 1015 4 1014 4 84 7 84 2
1020 1012 4 1015 4 1014 4 88 7 88 2
1020 1012 4 1015 4 1014 4 92 1 92 6
1020 1012 4 1015 4 1014 4 99 3 99 1
1020 1012 4 1015 4 1014 4 84 0 64 0
1020 1012 4 1015 4 1014 4 26 1 17 1
1020 1012 4 1015 4 1014 4 68 2 19 2
1020 1012 4 1015 4 1014 4 98 3 99 3
1020 1012 4 1015 4 1014 4 49 5 64 5
1020 1012 4 1015 4 1014 4 92 6 26 6
1020 1012 4 1015 4 1014 4 88 7 99 7
1020 1012 4 1015 4 1014 4 58 7 40 7
1020 1012 4 1015 4 1014 4 49 5 68 7
1020 1012 4 1015 4 1014 4 88 2 92 6
1020 1012 4 1015 4 1014 4 57 2 68 7
1020 1012 4 1015 4 1014 4 58 2 19 2
1020 1012 4 1015 4 1014 4 19 5 68 7
1020 1012 4 1015 4 1014 4 49 5 88 2
1020 1012 4 1015 4 1014 4 88 7 58 5
1020 1012 4 1015 4 1014 4 41 6 17 1
1020 1012 4 1015 4 1014 4 84 2 41 0
1020 1012 4 1015 4 1014 4 40 5 99 2
1020 1012 4 1015 4 1014 4 25 6 17 1
1020 1012 4 1015 4 1014 4 19 2 26 1
1020 1012 4 1015 4 1014 4 64 5 98 4
1020 1012 4 1015 4 1014 4 58 2 25 7
1020 1012 4 1015 4 1014 4 11 6 41 0
1020 1012 4 1015 4 1014 4 84 7 40 2
1020 1012 4 1015 4 1014 4 88 2 41 6
1020 1012 4 1015 4 1014 4 19 0 40 2
1020 1012 4 1015 4 1014 4 40 6 42 5
1020 1012 4 1015 4 1014 4 99 4 49 6
1020 1012 4 1015 4 1014 4 64 7 42 2
1020 1012 4 1015 4 1014 4 40 6 84 0
1020 1012 4 1015 4 1014 4 84 7 11 0
1020 1012 4 1015 4 1014 4 57 7 11 0
1020 1012 4 1015 4 1014 4 58 5 98 4
1020 1012 4 1015 4 1014 4 98 7 64 2
1020 1012 4 1015 4 1014 4 58 7 26 6
1020 1012 4 1015 4 1014 4 11 6 13 0
1020 1012 4 1015 4 1014 4 17 0 88 2
1020 1012 4 1015 4 1014 4 25 6 88 7
1020 1012 4 1015 4 1014 4 17 0 40 7
1020 1012 4 1015 4 1014 4 26 6 98 4
1020 1012 4 1015 4 1014 4 17 1 84 7
1020 1012 4 1015 4 1014 4 11 0 41 6
1020 1012 4 1015 4 1014 4 25 4 40 6
1020 1012 4 1015 4 1014 4 58 5 64 2
1020 1012 4 1015 4 1014 4 84 0 11 0
1020 1012 4 1015 4 1014 4 68 2 58 6
1020 1012 4 1015 4 1014 4 26 0 68 0
1020 1012 4 1015 4 1014 4 25 0 58 2
1020 1012 4 1015 4 1014 4 17 0 84 0
1020 1012 4 1015 4 1014 4 99 3 19 2
1020 1012 4 1015 4 1014 4 49 6 11 0
1020 1012 4 1015 4 1014 4 98 7 13 0
1020 1012 4 1015 4 1014 4 58 7 25 6
1020 1012 4 1015 4 1014 4 49 2 26 0
1020 1012 4 1015 4 1014 4 84 0 11 1
1020 1012 4 1015 4 1014 4 99 3 68 0
1020 1012 4 1015 4 1014 4 13 0 57 7
1020 1012 4 1015 4 1014 4 84 7 13 1
1020 1012 4 1015 4 1014 4 40 6 88 7
1020 1012 4 1015 4 1014 4 84 0 57 2
1020 1012 4 1015 4 1014 4 49 2 99 3
1020 1012 4 1015 4 1014 4 84 7 99 3
1020 1012 4 1015 4 1014 4 88 5 92 6
1020 1012 4 1015 4 1014 4 42 2 92 6
1020 1012 4 1015 4 1014 4 42 5 68 2
1020 1012 4 1015 4 1014 4 41 0 88 7
1020 1012 4 1015 4 1014 4 92 1 19 5
1020 1012 4 1015 4 1014 4 11 1 64 5
1020 1012 4 1015 4 1014 4 32 6 84 0
1020 1012 4 1015 4 1014 4 44 4 41 0
1020 1012 4 1015 4 1014 4 40 2 99 1
1020 1012 4 1015 4 1014 4 64 2 49 6
1020 1012 4 1015 4 1014 4 11 1 25 0
1020 1012 4 1015 4 1014 4 25 5 99 3
1020 1012 4 1015 4 1014 4 11 6 19 5
1020 1012 4 1015 4 1014 4 98 1 84 7
1020 1012 4 1015 4 1014 4 58 5 25 7
1020 1012 4 1015 4 1014 4 25 6 88 5
1020 1012 4 1015 4 1014 4 13 0 64 7
1020 1012 4 1015 4 1014 4 64 2 88 5
1020 1012 4 1015 4 1014 4 17 1 19 5
1020 1012 4 1015 4 1014 4 32 5 99 1
1020 1012 4 1015 4 1014 4 17 1 19 7
1020 1012 4 1015 4 1014 4 17 0 84 2
1020 1012 4 1015 4 1014 4 26 0 84 7
1020 1012 4 1015 4 1014 4 26 1 58 2
1020 1012 4 1015 4 1014 4 11 1 92 6
1020 1012 4 1015 4 1014 4 84 2 68 7
1020 1012 4 1015 4 1014 4 41 2 92 6
1020 1012 4 1015 4 1014 4 58 2 40 5
1020 1012 4 1015 4 1014 4 11 0 57 2
1020 1012 4 1015 4 1014 4 26 1 99 7
1020 1012 4 1015 4 1014 4 44 6 17 0
1020 1012 4 1015 4 1014 4 57 7 25 6
1020 1012 4 1015 4 1014 4 84 7 44 0
1020 1012 4 1015 4 1014 4 40 7 58 7
1020 1012 4 1015 4 1014 4 99 2 92 1
1020 1012 4 1015 4 1014 4 57 2 26 0
1020 1012 4 1015 4 1014 4 88 7 11 1
1020 1012 4 1015 4 1014 4 32 7 13 1
1020 1012 4 1015 4 1014 4 58 5 41 2
1020 1012 4 1015 4 1014 4 84 7 17 0
1020 1012 4 1015 4 1014 4 99 1 57 5
1020 1012 4 1015 4 1014 4 49 6 84 0
1020 1012 4 1015 4 1014 4 58 5 11 6
1020 1012 4 1015 4 1014 4 84 0 44 5
1020 1012 4 1015 4 1014 4 11 0 68 0
1020 1012 4 1015 4 1014 4 42 5 99 2
1020 1012 4 1015 4 1014 4 99 3 98 1
1020 1012 4 1015 4 1014 4 57 7 19 7
1020 1012 4 1015 4 1014 4 64 7 98 3
1020 1012 4 1015 4 1014 4 57 2 92 6
1020 1012 4 1015 4 1014 4 99 1 58 6
1020 1012 4 1015 4 1014 4 26 0 11 0
1020 1012 4 1015 4 1014 4 25 5 41 0
1020 1012 4 1015 4 1014 4 99 3 57 2
1020 1012 4 1015 4 1014 4 98 2 17 1
1020 1012 4 1015 4 1014 4 44 7 40 2
1020 1012 4 1015 4 1014 4 92 0 41 7
1020 1012 4 1015 4 1014 4 58 5 32 5
1020 1012 4 1015 4 1014 4 92 0 19 5
1020 1012 4 1015 4 1014 4 41 6 64 0
1020 1012 4 1015 4 1014 4 49 6 41 2
1020 1012 4 1015 4 1014 4 17 1 58 2
1020 1012 4 1015 4 1014 4 13 0 26 0
1020 1012 4 1015 4 1014 4 49 7 41 6
1020 1012 4 1015 4 1014 4 99 4 41 6
1020 1012 4 1015 4 1014 4 44 4 84 2
1020 1012 4 1015 4 1014 4 68 2 64 5
1020 1012 4 1015 4 1014 4 92 1 32 2
1020 1012 4 1015 4 1014 4 19 6 84 2
1020 1012 4 1015 4 1014 4 25 2 99 7
1020 1012 4 1015 4 1014 4 88 5 44 6
1020 1012 4 1015 4 1014 4 41 2 40 2
1020 1012 4 1015 4 1014 4 40 5 19 0
1020 1012 4 1015 4 1014 4 32 2 58 6
1020 1012 4 1015 4 1014 4 57 5 19 5
1020 1012 4 1015 4 1014 4 98 4 64 5
1020 1012 4 1015 4 1014 4 68 0 42 2
1020 1012 4 1015 4 1014 4 58 5 99 7
1020 1012 4 1015 4 1014 4 32 6 84 7
1020 1012 4 1015 4 1014 4 41 7 98 3
1020 1012 4 1015 4 1014 4 64 7 99 4
1020 1012 4 1015 4 1014 4 32 2 11 6
1020 1012 4 1015 4 1014 4 32 6 41 2
1020 1012 4 1015 4 1014 4 11 0 64 2
1020 1012 4 1015 4 1014 4 25 2 98 3
1020 1012 4 1015 4 1014 4 58 7 98 7
1020 1012 4 1015 4 1014 4 88 2 64 7
1020 1012 4 1015 4 1014 4 92 0 49 2
1020 1012 4 1015 4 1014 4 98 1 19 7
1020 1012 4 1015 4 1014 4 32 6 40 6
1020 1012 4 1015 4 1014 4 68 7 64 7
1020 1012 4 1015 4 1014 4 25 6 98 1
1020 1012 4 1015 4 1014 4 25 2 11 6
1020 1012 4 1015 4 1014 4 11 1 49 5
1020 1012 4 1015 4 1014 4 32 7 98 3
1020 1012 4 1015 4 1014 4 98 2 17 0
1020 1012 4 1015 4 1014 4 68 7 99 3
1020 1012 4 1015 4 1014 4 64 5 88 2
1020 1012 4 1015 4 1014 4 92 0 17 1
1020 1012 4 1015 4 1014 4 57 2 98 7
1020 1012 4 1015 4 1014 4 68 0 13 0
1020 1012 4 1015 4 1014 4 41 6 58 5
1020 1012 4 1015 4 1014 4 68 0 58 6
1020 1012 4 1015 4 1014 4 41 6 99 3
1020 1012 4 1015 4 1014 4 26 6 11 1
1020 1012 4 1015 4 1014 4 64 5 41 0
1020 1012 4 1015 4 1014 4 25 5 58 7
1020 1012 4 1015 4 1014 4 42 2 25 6
1020 1012 4 1015 4 1014 4 42 5 99 1
1020 1012 4 1015 4 1014 4 41 6 84 2
1020 1012 4 1015 4 1014 4 25 5 26 6
1020 1012 4 1015 4 1014 4 84 7 99 7
1020 1012 4 1015 4 1014 4 49 5 92 6
1020 1012 4 1015 4 1014 4 84 7 57 2
1020 1012 4 1015 4 1014 4 58 6 84 0
1020 1012 4 1015 4 1014 4 25 7 42 2
1020 1012 4 1015 4 1014 4 40 2 92 1
1020 1012 4 1015 4 1014 4 41 6 44 2
1020 1012 4 1015 4 1014 4 64 2 26 0
1020 1012 4 1015 4 1014 4 25 7 49 6
1020 1012 4 1015 4 1014 4 25 2 26 0
1020 1012 4 1015 4 1014 4 42 5 84 7
1020 1012 4 1015 4 1014 4 58 6 44 7
1020 1012 4 1015 4 1014 4 68 7 99 2
1020 1012 4 1015 4 1014 4 19 5 11 1
1020 1012 4 1015 4 1014 4 40 5 44 2
1020 1012 4 1015 4 1014 4 98 1 32 2
1020 1012 4 1015 4 1014 4 84 7 49 2
1020 1012 4 1015 4 1014 4 57 2 40 5
1020 1012 4 1015 4 1014 4 88 5 44 7
1020 1012 4 1015 4 1014 4 17 0 17 1
1020 1012 4 1015 4 1014 4 19 7 19 5
1020 1012 4 1015 4 1014 4 25 0 25 5
1020 1012 4 1015 4 1014 4 26 1 26 6
1020 1012 4 1015 4 1014 4 32 6 32 7
1020 1012 4 1015 4 1014 4 40 5 40 6
1020 1012 4 1015 4 1014 4 41 7 41 6
1020 1012 4 1015 4 1014 4 44 7 44 2
1020 1012 4 1015 4 1014 4 57 2 57 7
1020 1012 4 1015 4 1014 4 64 0 64 5
1020 1012 4 1015 4 1014 4 84 0 84 2
1020 1012 4 1015 4 1014 4 88 7 88 5
1020 1012 4 1015 4 1014 4 92 6 92 0
1020 1012 4 1015 4 1014 4 98 3 98 4
1020 1012 4 1015 4 1014 4 99 1 99 4
1020 1012 4 1015 4 1014 4 19 0 41 0
1020 1012 4 1015 4 1014 4 11 1 26 1
1020 1012 4 1015 4 1014 4 68 2 44 2
1020 1012 4 1015 4 1014 4 98 4 25 4
1020 1012 4 1015 4 1014 4 88 5 58 5
1020 1012 4 1015 4 1014 4 44 6 26 6
1020 1012 4 1015 4 1014 4 44 7 19 7
1020 1012 4 1015 4 1014 4 32 2 49 6
1020 1012 4 1015 4 1014 4 19 2 64 0
1020 1012 4 1015 4 1014 4 13 0 25 6
1020 1012 4 1015 4 1014 4 92 1 41 2
1020 1012 4 1015 4 1014 4 58 2 99 1
1020 1012 4 1015 4 1014 4 98 7 19 0
1020 1012 4 1015 4 1014 4 92 0 25 5
1020 1012 4 1015 4 1014 4 17 0 99 7
1020 1012 4 1015 4 1014 4 40 5 98 7
1020 1012 4 1015 4 1014 4 44 2 84 0
1020 1012 4 1015 4 1014 4 40 6 64 2
1020 1012 4 1015 4 1014 4 44 7 64 7
1020 1012 4 1015 4 1014 4 99 1 26 6
1020 1012 4 1015 4 1014 4 88 5 49 6
1020 1012 4 1015 4 1014 4 26 6 25 0
1020 1012 4 1015 4 1014 4 44 5 84 2
1020 1012 4 1015 4 1014 4 32 7 57 2
1020 1012 4 1015 4 1014 4 42 2 58 2
1020 1012 4 1015 4 1014 4 84 2 17 0
1020 1012 4 1015 4 1014 4 58 2 99 4
1020 1012 4 1015 4 1014 4 19 7 99 3
1020 1012 4 1015 4 1014 4 68 7 40 2
1020 1012 4 1015 4 1014 4 44 0 92 0
1020 1012 4 1015 4 1014 4 68 7 84 2
1020 1012 4 1015 4 1014 4 44 4 32 6
1020 1012 4 1015 4 1014 4 41 7 32 5
1020 1012 4 1015 4 1014 4 19 0 11 6
1020 1012 4 1015 4 1014 4 49 5 26 6
1020 1012 4 1015 4 1014 4 57 2 41 7
1020 1012 4 1015 4 1014 4 13 1 25 4
1020 1012 4 1015 4 1014 4 17 0 26 6
1020 1012 4 1015 4 1014 4 42 2 49 7
1020 1012 4 1015 4 1014 4 13 0 88 5
1020 1012 4 1015 4 1014 4 44 6 88 2
1020 1012 4 1015 4 1014 4 17 0 26 1
1020 1012 4 1015 4 1014 4 13 1 40 2
1020 1012 4 1015 4 1014 4 92 1 40 2
1020 1012 4 1015 4 1014 4 41 0 64 2
1020 1012 4 1015 4 1014 4 88 2 13 0
1020 1012 4 1015 4 1014 4 32 6 49 6
1020 1012 4 1015 4 1014 4 98 3 57 2
1020 1012 4 1015 4 1014 4 84 2 49 7
1020 1012 4 1015 4 1014 4 32 5 88 2
1020 1012 4 1015 4 1014 4 99 2 44 6
1020 1012 4 1015 4 1014 4 13 1 57 2
1020 1012 4 1015 4 1014 4 41 7 92 6
1020 1012 4 1015 4 1014 4 88 7 84 7
1020 1012 4 1015 4 1014 4 84 7 92 0
1020 1012 4 1015 4 1014 4 42 2 88 2
1020 1012 4 1015 4 1014 4 26 0 49 2
1020 1012 4 1015 4 1014 4 25 2 88 2
1020 1012 4 1015 4 1014 4 11 6 88 2
1020 1012 4 1015 4 1014 4 40 2 99 2
1020 1012 4 1015 4 1014 4 92 6 32 7
1020 1012 4 1015 4 1014 4 13 1 44 6
1020 1012 4 1015 4 1014 4 68 0 84 7
1020 1012 4 1015 4 1014 4 58 2 99 7
1020 1012 4 1015 4 1014 4 11 6 68 2
1020 1012 4 1015 4 1014 4 11 6 92 6
1020 1012 4 1015 4 1014 4 92 0 42 2
1020 1012 4 1015 4 1014 4 42 2 99 1
1020 1012 4 1015 4 1014 4 92 6 88 5
1020 1012 4 1015 4 1014 4 40 2 44 4
1020 1012 4 1015 4 1014 4 99 7 19 7
1020 1012 4 1015 4 1014 4 92 0 98 3
1020 1012 4 1015 4 1014 4 26 6 44 4
1020 1012 4 1015 4 1014 4 13 0 44 0
1020 1012 4 1015 4 1014 4 41 7 17 1
1020 1012 4 1015 4 1014 4 44 2 42 2
1020 1012 4 1015 4 1014 4 84 2 44 2
1020 1012 4 1015 4 1014 4 17 1 92 1
1020 1012 4 1015 4 1014 4 99 4 98 3
1020 1012 4 1015 4 1014 4 26 1 41 6
1020 1012 4 1015 4 1014 4 92 1 11 1
1020 1012 4 1015 4 1014 4 64 0 41 2
1020 1012 4 1015 4 1014 4 49 6 68 0
1020 1012 4 1015 4 1014 4 58 5 11 1
1020 1012 4 1015 4 1014 4 32 2 25 5
1020 1012 4 1015 4 1014 4 99 7 88 5
1020 1012 4 1015 4 1014 4 26 6 40 5
1020 1012 4 1015 4 1014 4 99 7 44 7
1020 1012 4 1015 4 1014 4 64 2 26 6
1020 1012 4 1015 4 1014 4 42 5 88 5
1020 1012 4 1015 4 1014 4 99 1 58 2
1020 1012 4 1015 4 1014 4 32 5 19 6
1020 1012 4 1015 4 1014 4 88 2 99 1
1020 1012 4 1015 4 1014 4 92 1 44 2
1020 1012 4 1015 4 1014 4 32 7 57 7
1020 1012 4 1015 4 1014 4 44 5 57 5
1020 1012 4 1015 4 1014 4 92 6 57 5
1020 1012 4 1015 4 1014 4 26 0 98 1
1020 1012 4 1015 4 1014 4 84 0 19 0
1020 1012 4 1015 4 1014 4 17 0 44 5
1020 1012 4 1015 4 1014 4 19 2 13 0
1020 1012 4 1015 4 1014 4 19 2 42 5
1020 1012 4 1015 4 1014 4 13 0 19 6
1020 1012 4 1015 4 1014 4 64 2 44 5
1020 1012 4 1015 4 1014 4 88 5 42 2
1020 1012 4 1015 4 1014 4 88 5 84 7
1020 1012 4 1015 4 1014 4 42 5 26 0
1020 1012 4 1015 4 1014 4 64 0 25 0
1020 1012 4 1015 4 1014 4 92 6 68 7
1020 1012 4 1015 4 1014 4 11 0 57 7
1020 1012 4 1015 4 1014 4 64 7 25 4
1020 1012 4 1015 4 1014 4 32 2 44 5
1020 1012 4 1015 4 1014 4 41 2 68 7
1020 1012 4 1015 4 1014 4 42 2 68 0
1020 1012 4 1015 4 1014 4 25 6 42 5
1020 1012 4 1015 4 1014 4 49 7 58 6
1020 1012 4 1015 4 1014 4 92 6 25 5
1020 1012 4 1015 4 1014 4 13 0 11 0
1020 1012 4 1015 4 1014 4 25 4 26 0
1020 1012 4 1015 4 1014 4 44 6 64 5
1020 1012 4 1015 4 1014 4 49 6 41 0
1020 1012 4 1015 4 1014 4 13 0 58 5
1020 1012 4 1015 4 1014 4 58 2 98 4
1020 1012 4 1015 4 1014 4 57 7 99 2
1020 1012 4 1015 4 1014 4 68 7 58 2
1020 1012 4 1015 4 1014 4 13 1 88 2
1020 1012 4 1015 4 1014 4 84 0 32 6
1020 1012 4 1015 4 1014 4 17 0 92 1
1020 1012 4 1015 4 1014 4 64 0 49 2
1020 1012 4 1015 4 1014 4 49 5 84 2
1020 1012 4 1015 4 1014 4 17 1 32 6
1020 1012 4 1015 4 1014 4 64 7 92 1
1020 1012 4 1015 4 1014 4 98 7 92 0
1020 1012 4 1015 4 1014 4 41 7 13 1
1020 1012 4 1015 4 1014 4 84 2 11 6
1020 1012 4 1015 4 1014 4 92 1 42 5
1020 1012 4 1015 4 1014 4 58 2 49 2
1020 1012 4 1015 4 1014 4 41 2 58 5
1020 1012 4 1015 4 1014 4 26 0 44 6
1020 1012 4 1015 4 1014 4 25 2 26 1
1020 1012 4 1015 4 1014 4 26 6 25 6
1020 1012 4 1015 4 1014 4 13 1 41 6
1020 1012 4 1015 4 1014 4 57 5 32 6
1020 1012 4 1015 4 1014 4 44 2 11 0
1020 1012 4 1015 4 1014 4 88 5 41 6
1020 1012 4 1015 4 1014 4 44 5 32 5
1020 1012 4 1015 4 1014 4 57 5 42 5
1020 1012 4 1015 4 1014 4 84 0 58 5
1020 1012 4 1015 4 1014 4 68 2 99 2
1020 1012 4 1015 4 1014 4 57 5 13 1
1020 1012 4 1015 4 1014 4 11 6 26 1
1020 1012 4 1015 4 1014 4 17 0 41 0
1020 1012 4 1015 4 1014 4 40 6 49 6
1020 1012 4 1015 4 1014 4 58 6 17 0
1020 1012 4 1015 4 1014 4 99 1 13 1
1020 1012 4 1015 4 1014 4 26 0 68 2
1020 1012 4 1015 4 1014 4 41 7 84 0
1020 1012 4 1015 4 1014 4 11 6 19 7
1020 1012 4 1015 4 1014 4 92 6 42 5
1020 1012 4 1015 4 1014 4 13 0 42 5
1020 1012 4 1015 4 1014 4 98 3 44 5
1020 1012 4 1015 4 1014 4 99 1 84 2
1020 1012 4 1015 4 1014 4 25 4 42 2
1020 1012 4 1015 4 1014 4 99 4 19 5
1020 1012 4 1015 4 1014 4 25 7 19 7
1020 1012 4 1015 4 1014 4 25 6 49 5
1020 1012 4 1015 4 1014 4 58 5 25 4
1020 1012 4 1015 4 1014 4 98 1 68 2
1020 1012 4 1015 4 1014 4 25 2 11 1
1020 1012 4 1015 4 1014 4 84 2 40 5
1020 1012 4 1015 4 1014 4 17 0 68 2
1020 1012 4 1015 4 1014 4 26 1 88 5
1020 1012 4 1015 4 1014 4 25 7 49 2
1020 1012 4 1015 4 1014 4 88 2 25 2
1020 1012 4 1015 4 1014 4 92 6 32 6
1020 1012 4 1015 4 1014 4 68 7 98 4
1020 1012 4 1015 4 1014 4 42 5 92 0
1020 1012 4 1015 4 1014 4 32 7 92 6
1020 1012 4 1015 4 1014 4 32 6 44 0
1020 1012 4 1015 4 1014 4 19 7 88 7
1020 1012 4 1015 4 1014 4 13 0 26 6
1020 1012 4 1015 4 1014 4 41 2 44 7
1020 1012 4 1015 4 1014 4 13 1 84 7
1020 1012 4 1015 4 1014 4 49 6 88 5
1020 1012 4 1015 4 1014 4 99 7 41 7
1020 1012 4 1015 4 1014 4 58 5 88 7
1020 1012 4 1015 4 1014 4 57 2 58 7
1020 1012 4 1015 4 1014 4 57 7 13 1
1020 1012 4 1015 4 1014 4 99 7 92 6
1020 1012 4 1015 4 1014 4 98 3 25 5
1020 1012 4 1015 4 1014 4 57 2 26 1
1020 1012 4 1015 4 1014 4 11 0 11 6
1020 1012 4 1015 4 1014 4 19 0 19 5
1020 1012 4 1015 4 1014 4 25 4 25 5
1020 1012 4 1015 4 1014 4 26 6 26 1
1020 1012 4 1015 4 1014 4 32 5 32 2
1020 1012 4 1015 4 1014 4 40 2 40 5
1020 1012 4 1015 4 1014 4 41 2 41 0
1020 1012 4 1015 4 1014 4 42 5 42 2
1020 1012 4 1015 4 1014 4 44 7 44 5
1020 1012 4 1015 4 1014 4 49 6 49 5
1020 1012 4 1015 4 1014 4 58 7 58 2
1020 1012 4 1015 4 1014 4 68 7 68 2
1020 1012 4 1015 4 1014 4 98 3 98 2
1020 1012 4 1015 4 1014 4 99 4 99 1
1020 1012 4 1015 4 1014 4 25 0 26 0
1020 1012 4 1015 4 1014 4 98 1 11 1
1020 1012 4 1015 4 1014 4 49 2 41 2
1020 1012 4 1015 4 1014 4 32 5 58 5
1020 1012 4 1015 4 1014 4 25 6 40 6
1020 1012 4 1015 4 1014 4 68 7 25 7
1020 1012 4 1015 4 1014 4 68 7 26 6
1020 1012 4 1015 4 1014 4 84 0 25 0
1020 1012 4 1015 4 1014 4 42 5 11 6
1020 1012 4 1015 4 1014 4 42 5 13 1
1020 1012 4 1015 4 1014 4 11 1 98 2
1020 1012 4 1015 4 1014 4 32 6 68 0
1020 1012 4 1015 4 1014 4 99 7 58 5
1020 1012 4 1015 4 1014 4 25 4 88 5
1020 1012 4 1015 4 1014 4 32 6 49 7
1020 1012 4 1015 4 1014 4 64 5 57 2
1020 1012 4 1015 4 1014 4 84 2 88 7
1020 1012 4 1015 4 1014 4 17 1 25 4
1020 1012 4 1015 4 1014 4 49 6 19 0
1020 1012 4 1015 4 1014 4 44 6 17 1
1020 1012 4 1015 4 1014 4 17 1 41 7
1020 1012 4 1015 4 1014 4 99 1 11 1
1020 1012 4 1015 4 1014 4 26 6 57 7
1020 1012 4 1015 4 1014 4 88 5 40 2
1020 1012 4 1015 4 1014 4 88 2 25 6
1020 1012 4 1015 4 1014 4 58 6 17 1
1020 1012 4 1015 4 1014 4 41 2 13 0
1020 1012 4 1015 4 1014 4 26 1 49 6
1020 1012 4 1015 4 1014 4 64 5 44 0
1020 1012 4 1015 4 1014 4 99 2 26 6
1020 1012 4 1015 4 1014 4 26 6 49 2
1020 1012 4 1015 4 1014 4 19 5 44 5
1020 1012 4 1015 4 1014 4 42 5 19 0
1020 1012 4 1015 4 1014 4 19 7 57 5
1020 1012 4 1015 4 1014 4 11 1 42 2
1020 1012 4 1015 4 1014 4 41 7 11 0
1020 1012 4 1015 4 1014 4 42 2 13 0
1020 1012 4 1015 4 1014 4 99 2 88 5
1020 1012 4 1015 4 1014 4 11 6 84 7
1020 1012 4 1015 4 1014 4 42 5 17 1
1020 1012 4 1015 4 1014 4 19 7 58 2
1020 1012 4 1015 4 1014 4 99 2 68 7
1020 1012 4 1015 4 1014 4 44 0 64 5
1020 1012 4 1015 4 1014 4 88 7 49 2
1020 1012 4 1015 4 1014 4 40 6 17 0
1020 1012 4 1015 4 1014 4 57 2 25 2
1020 1012 4 1015 4 1014 4 11 0 32 2
1020 1012 4 1015 4 1014 4 44 7 26 6
1020 1012 4 1015 4 1014 4 58 5 44 2
1020 1012 4 1015 4 1014 4 17 1 84 0
1020 1012 4 1015 4 1014 4 19 2 58 5
1020 1012 4 1015 4 1014 4 68 0 40 6
1020 1012 4 1015 4 1014 4 64 0 88 2
1020 1012 4 1015 4 1014 4 32 5 41 0
1020 1012 4 1015 4 1014 4 42 2 17 0
1020 1012 4 1015 4 1014 4 44 6 42 2
1020 1012 4 1015 4 1014 4 92 6 49 5
1020 1012 4 1015 4 1014 4 68 7 57 7
1020 1012 4 1015 4 1014 4 41 2 26 1
1020 1012 4 1015 4 1014 4 99 3 92 1
1020 1012 4 1015 4 1014 4 19 2 42 2
1020 1012 4 1015 4 1014 4 57 2 49 7
1020 1012 4 1015 4 1014 4 49 7 68 7
1020 1012 4 1015 4 1014 4 58 7 49 6
1020 1012 4 1015 4 1014 4 57 2 40 6
1020 1012 4 1015 4 1014 4 88 5 17 1
1020 1012 4 1015 4 1014 4 40 7 11 6
1020 1012 4 1015 4 1014 4 84 2 92 1
1020 1012 4 1015 4 1014 4 88 2 44 0
1020 1012 4 1015 4 1014 4 98 4 40 6
1020 1012 4 1015 4 1014 4 84 7 32 5
1020 1012 4 1015 4 1014 4 49 7 98 3
1020 1012 4 1015 4 1014 4 25 0 13 1
1020 1012 4 1015 4 1014 4 92 6 57 7
1020 1012 4 1015 4 1014 4 84 7 64 0
1020 1012 4 1015 4 1014 4 68 2 92 0
1020 1012 4 1015 4 1014 4 25 7 32 6
1020 1012 4 1015 4 1014 4 57 2 49 6
1020 1012 4 1015 4 1014 4 88 5 13 0
1020 1012 4 1015 4 1014 4 49 6 11 6
1020 1012 4 1015 4 1014 4 92 1 13 1
1020 1012 4 1015 4 1014 4 58 7 32 7
1020 1012 4 1015 4 1014 4 84 0 88 5
1020 1012 4 1015 4 1014 4 42 2 58 5
1020 1012 4 1015 4 1014 4 13 1 99 3
1020 1012 4 1015 4 1014 4 13 0 41 7
1020 1012 4 1015 4 1014 4 17 0 98 1
1020 1012 4 1015 4 1014 4 58 6 40 5
1020 1012 4 1015 4 1014 4 58 5 68 7
1020 1012 4 1015 4 1014 4 26 1 42 2
1020 1012 4 1015 4 1014 4 40 2 41 0
1020 1012 4 1015 4 1014 4 58 7 64 5
1020 1012 4 1015 4 1014 4 44 0 68 7
1020 1012 4 1015 4 1014 4 88 5 84 0
1020 1012 4 1015 4 1014 4 25 4 17 1
1020 1012 4 1015 4 1014 4 19 6 25 5
1020 1012 4 1015 4 1014 4 98 4 44 4
1020 1012 4 1015 4 1014 4 32 6 25 6
1020 1012 4 1015 4 1014 4 32 6 57 5
1020 1012 4 1015 4 1014 4 26 6 25 4
1020 1012 4 1015 4 1014 4 40 5 13 0
1020 1012 4 1015 4 1014 4 88 7 42 2
1020 1012 4 1015 4 1014 4 19 0 57 5
1020 1012 4 1015 4 1014 4 92 6 19 2
1020 1012 4 1015 4 1014 4 32 7 44 2
1020 1012 4 1015 4 1014 4 92 1 49 2
1020 1012 4 1015 4 1014 4 58 2 32 2
1020 1012 4 1015 4 1014 4 32 2 13 0
1020 1012 4 1015 4 1014 4 11 0 44 7
1020 1012 4 1015 4 1014 4 17 0 32 6
1020 1012 4 1015 4 1014 4 98 1 40 7
1020 1012 4 1015 4 1014 4 58 6 88 7
1020 1012 4 1015 4 1014 4 26 0 58 6
1020 1012 4 1015 4 1014 4 42 2 99 4
1020 1012 4 1015 4 1014 4 44 4 57 7
1020 1012 4 1015 4 1014 4 11 6 32 7
1020 1012 4 1015 4 1014 4 68 2 13 0
1020 1012 4 1015 4 1014 4 19 0 42 5
1020 1012 4 1015 4 1014 4 68 7 64 2
1020 1012 4 1015 4 1014 4 44 5 19 2
1020 1012 4 1015 4 1014 4 49 5 88 5
1020 1012 4 1015 4 1014 4 64 7 92 0
1020 1012 4 1015 4 1014 4 32 7 13 0
1020 1012 4 1015 4 1014 4 84 0 25 4
1020 1012 4 1015 4 1014 4 68 0 88 2
1020 1012 4 1015 4 1014 4 42 5 98 4
1020 1012 4 1015 4 1014 4 13 1 25 5
1020 1012 4 1015 4 1014 4 13 1 42 5
1020 1012 4 1015 4 1014 4 92 1 44 0
1020 1012 4 1015 4 1014 4 64 0 11 0
1020 1012 4 1015 4 1014 4 58 7 49 2
1020 1012 4 1015 4 1014 4 17 1 58 7
1020 1012 4 1015 4 1014 4 32 5 11 0
1020 1012 4 1015 4 1014 4 42 5 58 5
1020 1012 4 1015 4 1014 4 44 0 58 7
1020 1012 4 1015 4 1014 4 84 0 13 1
1020 1012 4 1015 4 1014 4 88 5 13 1
1020 1012 4 1015 4 1014 4 49 2 11 1
1020 1012 4 1015 4 1014 4 19 2 44 4
