1001 101 4 84 7 98 2
1001 101 4 50 7 60 4
1001 101 4 87 0 65 4
1001 101 4 32 2 42 5
1001 101 4 47 2 78 7
1001 101 4 38 3 94 4
1001 101 4 13 0 40 7
1001 101 4 45 5 46 7
1001 101 4 16 2 71 4
1001 101 4 84 7 17 0
1001 101 4 15 7 50 2
1001 101 4 38 2 94 4
1001 101 4 32 2 17 0
1001 101 4 7 3 15 2
1001 101 4 73 7 61 7
1001 101 4 17 0 99 3
1001 101 4 23 6 95 3
1001 101 4 48 4 71 4
1001 101 4 57 2 32 6
1001 101 4 20 2 85 2
1001 101 4 73 7 70 4
1001 101 4 84 2 17 1
1001 101 4 45 4 15 2
1001 101 4 71 4 16 4
1001 101 4 68 0 32 5
1001 101 4 46 7 45 6
1001 101 4 87 0 52 2
1001 101 4 41 0 17 0
1001 101 4 15 7 7 5
1001 101 4 71 4 55 7
1001 101 4 99 7 98 7
1001 101 4 45 3 20 7
1001 101 4 61 4 48 4
1001 101 4 44 6 19 6
1001 101 4 46 2 20 7
1001 101 4 70 4 16 5
1001 101 4 44 2 19 5
1001 101 4 85 4 56 4
1001 101 4 61 3 94 4
1001 101 4 42 5 40 5
1001 101 4 1 7 45 4
1001 101 4 73 4 94 4
1001 101 4 49 7 92 0
1001 101 4 50 4 10 6
1001 101 4 71 4 55 3
1001 101 4 41 7 99 4
1001 101 4 95 3 23 6
1001 101 4 48 7 81 7
1001 101 4 64 5 26 6
1001 101 4 10 1 1 2
1001 101 4 53 2 61 7
1001 101 4 40 5 64 2
1001 101 4 78 3 23 2
1001 101 4 73 2 81 5
1001 101 4 92 6 42 5
1001 101 4 15 6 7 5
1001 101 4 73 3 52 3
1001 101 4 49 7 32 7
1001 101 4 23 7 78 4
1001 101 4 48 2 65 2
1001 101 4 19 7 64 5
1001 101 4 20 2 50 4
1001 101 4 94 4 87 0
1001 101 4 57 2 11 6
1001 101 4 78 4 95 4
1001 101 4 71 4 87 5
1001 101 4 98 7 49 6
1001 101 4 56 6 95 4
1001 101 4 38 7 73 3
1001 101 4 68 0 11 0
1001 101 4 15 0 47 5
1001 101 4 9 7 48 4
1001 101 4 64 0 99 1
1001 101 4 60 2 47 5
1001 101 4 16 3 48 4
1001 101 4 98 3 25 6
1001 101 4 95 4 20 7
1001 101 4 9 7 71 4
1001 101 4 64 2 57 5
1001 101 4 45 2 50 2
1001 101 4 52 4 81 5
1001 101 4 40 2 41 6
1001 101 4 60 4 50 4
1001 101 4 53 2 38 3
1001 101 4 17 0 11 1
1001 101 4 15 2 47 5
1001 101 4 52 3 73 7
1001 101 4 25 7 84 7
1001 101 4 15 7 47 2
1001 101 4 52 7 48 2
1001 101 4 68 2 11 6
1001 101 4 85 4 20 3
1001 101 4 52 7 94 4
1001 101 4 99 1 58 7
1001 101 4 1 3 7 2
1001 101 4 16 4 70 4
1001 101 4 84 2 92 0
1001 101 4 95 4 56 3
1001 101 4 81 7 9 4
1001 101 4 44 6 26 1
1001 101 4 15 0 20 3
1001 101 4 87 2 38 2
1001 101 4 32 7 40 2
1001 101 4 47 7 1 4
1001 101 4 38 3 87 7
1001 101 4 26 6 32 7
1001 101 4 45 2 15 6
1001 101 4 48 4 81 6
1001 101 4 64 2 68 2
1001 101 4 47 7 20 6
1001 101 4 73 3 87 7
1001 101 4 25 4 19 7
1001 101 4 50 5 46 0
1001 101 4 52 7 16 2
1001 101 4 19 7 41 2
1001 101 4 47 7 46 0
1001 101 4 73 2 16 5
1001 101 4 32 2 58 5
1001 101 4 78 7 10 1
1001 101 4 53 2 87 2
1001 101 4 64 7 26 6
1001 101 4 23 2 56 6
1001 101 4 53 2 73 2
1001 101 4 19 5 25 4
1001 101 4 78 7 45 4
1001 101 4 94 4 48 4
1001 101 4 58 6 40 2
1001 101 4 46 7 50 4
1001 101 4 71 4 70 4
1001 101 4 99 4 49 6
1001 101 4 7 3 15 7
1001 101 4 38 2 9 7
1001 101 4 99 2 88 5
1001 101 4 20 7 10 0
1001 101 4 9 7 73 2
1001 101 4 11 1 13 1
1001 101 4 1 7 50 5
1001 101 4 48 4 94 4
1001 101 4 42 2 13 0
1001 101 4 7 4 1 2
1001 101 4 87 5 94 4
1001 101 4 88 7 99 1
1001 101 4 20 2 85 3
1001 101 4 70 4 53 2
1001 101 4 11 6 42 2
1001 101 4 10 7 1 6
1001 101 4 65 4 87 5
1001 101 4 92 6 98 4
1001 101 4 15 7 23 6
1001 101 4 94 4 16 7
1001 101 4 41 2 32 7
1001 101 4 10 1 85 5
1001 101 4 87 5 53 7
1001 101 4 26 0 32 2
1001 101 4 47 7 50 6
1001 101 4 52 2 61 2
1001 101 4 19 6 64 7
1001 101 4 78 2 23 7
1001 101 4 16 4 53 2
1001 101 4 57 7 13 1
1001 101 4 23 7 95 3
1001 101 4 71 4 81 2
1001 101 4 44 7 88 7
1001 101 4 85 5 45 7
1001 101 4 9 7 48 7
1001 101 4 32 2 42 2
1001 101 4 47 7 7 5
1001 101 4 38 4 52 2
1001 101 4 64 0 98 1
1001 101 4 78 3 1 2
1001 101 4 81 6 70 4
1001 101 4 58 2 25 7
1001 101 4 47 7 23 7
1001 101 4 55 4 52 4
1001 101 4 57 2 44 0
1001 101 4 7 2 78 5
1001 101 4 70 4 94 4
1001 101 4 32 2 88 2
1001 101 4 23 7 60 7
1001 101 4 73 2 87 7
1001 101 4 44 7 13 0
1001 101 4 78 7 7 4
1001 101 4 32 7 26 1
1001 101 4 46 7 7 3
1001 101 4 55 7 94 4
1001 101 4 64 0 57 7
1001 101 4 60 7 45 2
1001 101 4 65 7 48 7
1001 101 4 17 1 57 5
1001 101 4 10 1 7 3
1001 101 4 61 3 71 4
1001 101 4 17 0 41 7
1001 101 4 78 3 60 2
1001 101 4 38 4 9 3
1001 101 4 13 1 44 7
1001 101 4 78 7 56 6
1001 101 4 71 4 65 4
1001 101 4 17 0 57 2
1001 101 4 46 7 56 6
1001 101 4 84 0 44 0
1001 101 4 56 4 45 3
1001 101 4 53 7 73 3
1001 101 4 99 2 41 0
1001 101 4 23 7 20 2
1001 101 4 61 7 55 2
1001 101 4 19 5 44 0
1001 101 4 85 4 46 2
1001 101 4 9 2 16 2
1001 101 4 11 0 11 6
1001 101 4 13 1 13 0
1001 101 4 17 0 17 1
1001 101 4 19 0 19 7
1001 101 4 25 2 25 0
1001 101 4 26 1 26 0
1001 101 4 32 6 32 7
1001 101 4 40 7 40 2
1001 101 4 41 6 41 2
1001 101 4 42 5 42 2
1001 101 4 44 2 44 0
1001 101 4 49 7 49 6
1001 101 4 57 7 57 5
1001 101 4 58 7 58 2
1001 101 4 64 2 64 7
1001 101 4 68 2 68 0
1001 101 4 84 7 84 0
1001 101 4 88 7 88 2
1001 101 4 92 6 92 1
1001 101 4 98 4 98 7
1001 101 4 99 4 99 1
1001 101 4 1 7 1 4
1001 101 4 7 4 7 5
1001 101 4 10 5 10 1
1001 101 4 15 0 15 6
1001 101 4 20 6 20 2
1001 101 4 23 6 23 2
1001 101 4 45 2 45 4
1001 101 4 46 7 46 0
1001 101 4 47 5 47 2
1001 101 4 50 2 50 5
1001 101 4 56 3 56 4
1001 101 4 60 7 60 4
1001 101 4 78 2 78 5
1001 101 4 85 2 85 3
1001 101 4 95 3 95 4
1001 101 4 9 4 9 3
1001 101 4 16 4 16 7
1001 101 4 38 2 38 4
1001 101 4 48 2 48 7
1001 101 4 52 3 52 4
1001 101 4 53 7 53 2
1001 101 4 55 3 55 7
1001 101 4 61 4 61 2
1001 101 4 65 3 65 4
1001 101 4 70 4 70 4
1001 101 4 71 4 71 4
1001 101 4 73 4 73 2
1001 101 4 81 6 81 7
1001 101 4 87 5 87 7
1001 101 4 94 4 94 4
1001 101 4 68 0 17 0
1001 101 4 92 1 13 1
1001 101 4 58 2 32 2
1001 101 4 99 3 98 3
1001 101 4 25 4 98 4
1001 101 4 49 5 64 5
1001 101 4 40 6 19 6
1001 101 4 44 7 40 7
1001 101 4 46 0 15 0
1001 101 4 10 1 10 1
1001 101 4 20 2 60 2
1001 101 4 1 3 56 3
1001 101 4 95 4 56 4
1001 101 4 10 5 45 5
1001 101 4 23 6 56 6
1001 101 4 1 7 20 7
1001 101 4 87 0 81 0
1001 101 4 53 2 52 2
1001 101 4 61 3 9 3
1001 101 4 52 4 9 4
1001 101 4 87 5 81 5
1001 101 4 81 6 81 6
1001 101 4 48 7 61 7
1001 101 4 92 0 49 6
1001 101 4 45 4 60 2
1001 101 4 48 7 52 4
1001 101 4 49 7 11 1
1001 101 4 15 0 7 2
1001 101 4 81 0 52 3
1001 101 4 98 1 17 1
1001 101 4 10 1 56 4
1001 101 4 70 4 81 7
1001 101 4 11 1 19 7
1001 101 4 1 6 60 4
1001 101 4 61 3 53 7
1001 101 4 17 1 19 0
1001 101 4 47 5 7 5
1001 101 4 94 4 73 2
1001 101 4 11 6 44 2
1001 101 4 46 2 10 5
1001 101 4 94 4 87 5
1001 101 4 26 0 64 0
1001 101 4 1 6 56 6
1001 101 4 81 5 53 2
1001 101 4 92 0 98 4
1001 101 4 71 4 73 4
1001 101 4 92 1 17 0
1001 101 4 47 2 7 5
1001 101 4 44 5 98 7
1001 101 4 85 4 20 6
1001 101 4 87 7 73 4
1001 101 4 49 5 99 2
1001 101 4 46 2 45 7
1001 101 4 61 3 70 4
1001 101 4 11 1 98 7
1001 101 4 7 2 46 7
1001 101 4 53 2 65 4
1001 101 4 44 0 26 6
1001 101 4 78 2 7 3
1001 101 4 81 6 87 5
1001 101 4 40 5 84 0
1001 101 4 7 2 95 4
1001 101 4 55 4 87 2
1001 101 4 84 0 58 2
1001 101 4 20 7 50 4
1001 101 4 55 3 70 4
1001 101 4 57 5 58 5
1001 101 4 10 5 50 2
1001 101 4 52 3 81 2
1001 101 4 98 2 57 2
1001 101 4 10 5 47 2
1001 101 4 48 4 53 2
1001 101 4 32 7 68 0
1001 101 4 45 3 1 5
1001 101 4 16 5 65 2
1001 101 4 26 0 58 7
1001 101 4 1 6 45 5
1001 101 4 52 4 61 7
1001 101 4 26 0 25 7
1001 101 4 56 4 15 6
1001 101 4 70 4 9 2
1001 101 4 57 5 25 6
1001 101 4 10 0 95 3
1001 101 4 53 7 65 3
1001 101 4 41 6 42 5
1001 101 4 95 3 7 3
1001 101 4 94 4 55 7
1001 101 4 25 0 17 1
1001 101 4 10 1 47 7
1001 101 4 81 5 65 2
1001 101 4 13 1 92 1
1001 101 4 23 6 47 7
1001 101 4 65 2 81 2
1001 101 4 88 7 64 5
1001 101 4 10 5 23 2
1001 101 4 65 2 94 4
1001 101 4 44 2 64 2
1001 101 4 45 3 85 2
1001 101 4 9 4 87 5
1001 101 4 41 2 58 6
1001 101 4 56 2 15 0
1001 101 4 81 2 87 2
1001 101 4 11 6 57 7
1001 101 4 46 2 85 2
1001 101 4 65 2 48 2
1001 101 4 41 7 44 0
1001 101 4 60 2 85 2
1001 101 4 68 0 41 0
1001 101 4 78 5 20 7
1001 101 4 70 4 52 4
1001 101 4 32 5 49 2
1001 101 4 23 7 15 6
1001 101 4 38 2 73 7
1001 101 4 92 0 49 7
1001 101 4 1 5 7 5
1001 101 4 81 7 53 7
1001 101 4 13 0 99 4
1001 101 4 95 3 15 7
1001 101 4 52 7 73 2
1001 101 4 17 0 25 2
1001 101 4 60 7 56 4
1001 101 4 53 2 71 4
1001 101 4 58 7 57 5
1001 101 4 45 5 1 6
1001 101 4 16 3 38 4
1001 101 4 41 2 32 2
1001 101 4 45 6 1 7
1001 101 4 81 2 55 4
1001 101 4 25 5 17 1
1001 101 4 47 5 60 2
1001 101 4 70 4 73 2
1001 101 4 25 2 13 0
1001 101 4 23 7 95 4
1001 101 4 38 4 55 7
1001 101 4 99 7 57 7
1001 101 4 23 7 50 4
1001 101 4 94 4 16 5
1001 101 4 13 0 57 2
1001 101 4 20 7 50 7
1001 101 4 52 4 53 2
1001 101 4 98 7 49 2
1001 101 4 47 2 56 4
1001 101 4 65 3 70 4
1001 101 4 92 1 49 5
1001 101 4 50 2 95 4
1001 101 4 52 4 61 3
1001 101 4 13 0 44 4
1001 101 4 47 7 46 2
1001 101 4 55 2 38 2
1001 101 4 26 6 41 0
1001 101 4 46 2 85 4
1001 101 4 87 2 48 2
1001 101 4 99 2 57 5
1001 101 4 15 2 7 4
1001 101 4 65 7 61 7
1001 101 4 26 6 17 0
1001 101 4 23 6 56 2
1001 101 4 73 3 55 7
1001 101 4 68 0 92 1
1001 101 4 15 2 56 3
1001 101 4 55 3 53 2
1001 101 4 19 6 99 1
1001 101 4 78 5 10 0
1001 101 4 71 4 81 7
1001 101 4 92 0 26 0
1001 101 4 45 6 56 4
1001 101 4 73 4 65 4
1001 101 4 57 7 42 2
1001 101 4 95 3 20 2
1001 101 4 55 7 52 2
1001 101 4 13 1 25 5
1001 101 4 7 4 20 6
1001 101 4 19 0 44 6
1001 101 4 47 2 95 3
1001 101 4 16 4 87 7
1001 101 4 64 0 84 2
1001 101 4 60 4 20 2
1001 101 4 65 2 9 4
1001 101 4 19 2 40 7
1001 101 4 50 5 47 7
1001 101 4 71 4 61 4
1001 101 4 13 0 17 1
1001 101 4 95 3 56 6
1001 101 4 73 2 52 4
1001 101 4 26 0 42 2
1001 101 4 85 2 20 7
1001 101 4 48 4 81 5
1001 101 4 98 2 99 3
1001 101 4 1 7 10 1
1001 101 4 73 2 38 3
1001 101 4 84 7 57 2
1001 101 4 70 4 55 3
1001 101 4 32 5 26 6
1001 101 4 50 7 95 3
1001 101 4 71 4 53 7
1001 101 4 68 0 11 6
1001 101 4 7 2 1 4
1001 101 4 53 2 70 4
1001 101 4 11 0 40 7
1001 101 4 10 6 20 7
1001 101 4 71 4 81 0
1001 101 4 11 6 88 2
1001 101 4 23 7 47 7
1001 101 4 70 4 61 7
1001 101 4 41 6 32 6
1001 101 4 78 2 10 6
1001 101 4 73 4 52 4
1001 101 4 98 2 99 2
1001 101 4 53 2 55 2
1001 101 4 84 7 25 7
1001 101 4 52 4 55 7
1001 101 4 17 1 88 5
1001 101 4 46 2 23 6
1001 101 4 65 7 70 4
1001 101 4 32 6 42 2
1001 101 4 45 6 50 2
1001 101 4 87 2 71 4
1001 101 4 11 1 40 7
1001 101 4 60 4 47 2
1001 101 4 16 5 38 2
1001 101 4 40 2 26 1
1001 101 4 1 3 50 7
1001 101 4 70 4 9 7
1001 101 4 19 2 32 2
1001 101 4 7 2 23 7
1001 101 4 48 4 65 7
1001 101 4 13 0 13 1
1001 101 4 17 1 17 0
1001 101 4 19 6 19 2
1001 101 4 25 4 25 0
1001 101 4 26 0 26 1
1001 101 4 32 6 32 5
1001 101 4 40 2 40 6
1001 101 4 41 0 41 2
1001 101 4 44 6 44 0
1001 101 4 49 5 49 2
1001 101 4 57 5 57 7
1001 101 4 58 7 58 6
1001 101 4 64 2 64 5
1001 101 4 68 2 68 7
1001 101 4 84 7 84 2
1001 101 4 92 1 92 0
1001 101 4 98 4 98 1
1001 101 4 99 7 99 3
1001 101 4 1 5 1 3
1001 101 4 7 2 7 4
1001 101 4 10 1 10 2
1001 101 4 15 7 15 0
1001 101 4 20 3 20 2
1001 101 4 23 7 23 6
1001 101 4 45 2 45 5
1001 101 4 46 0 46 2
1001 101 4 47 2 47 5
1001 101 4 50 4 50 5
1001 101 4 56 7 56 2
1001 101 4 60 4 60 7
1001 101 4 78 5 78 2
1001 101 4 85 4 85 3
1001 101 4 95 4 95 3
1001 101 4 16 5 16 7
1001 101 4 38 7 38 2
1001 101 4 48 7 48 2
1001 101 4 52 4 52 3
1001 101 4 53 2 53 7
1001 101 4 55 2 55 3
1001 101 4 61 7 61 4
1001 101 4 65 2 65 7
1001 101 4 73 4 73 7
1001 101 4 81 6 81 0
1001 101 4 87 7 87 2
1001 101 4 44 0 64 0
1001 101 4 44 2 49 2
1001 101 4 98 3 99 3
1001 101 4 99 4 25 4
1001 101 4 88 5 32 5
1001 101 4 92 6 41 6
1001 101 4 40 7 84 7
1001 101 4 46 0 10 0
1001 101 4 56 2 20 2
1001 101 4 85 3 78 3
1001 101 4 95 4 45 4
1001 101 4 7 5 47 5
1001 101 4 45 6 20 6
1001 101 4 78 7 1 7
1001 101 4 65 2 16 2
1001 101 4 9 3 55 3
1001 101 4 61 4 52 4
1001 101 4 81 5 87 5
1001 101 4 61 7 38 7
1001 101 4 92 0 49 5
1001 101 4 85 2 10 0
1001 101 4 55 4 53 7
1001 101 4 25 5 58 2
1001 101 4 23 2 10 2
1001 101 4 65 2 16 3
1001 101 4 41 7 49 6
1001 101 4 78 4 47 7
1001 101 4 61 4 53 7
1001 101 4 49 2 68 2
1001 101 4 1 4 46 2
1001 101 4 81 0 71 4
1001 101 4 13 1 26 6
1001 101 4 46 2 95 4
1001 101 4 53 7 16 4
1001 101 4 64 7 88 7
1001 101 4 1 3 78 3
1001 101 4 38 2 55 2
1001 101 4 42 5 64 5
1001 101 4 85 4 15 0
1001 101 4 9 2 71 4
1001 101 4 92 0 42 2
1001 101 4 10 1 50 2
1001 101 4 16 3 52 3
1001 101 4 64 7 58 5
1001 101 4 1 4 46 0
1001 101 4 94 4 55 2
1001 101 4 98 1 11 0
1001 101 4 50 2 10 7
1001 101 4 52 2 38 7
1001 101 4 99 3 68 2
1001 101 4 20 3 85 3
1001 101 4 38 4 48 7
1001 101 4 57 5 40 7
1001 101 4 50 5 10 6
1001 101 4 94 4 38 7
1001 101 4 68 7 17 0
1001 101 4 7 3 60 4
1001 101 4 38 3 71 4
1001 101 4 11 1 25 2
1001 101 4 47 5 46 0
1001 101 4 53 7 48 7
1001 101 4 1 5 7 3
1001 101 4 16 7 38 4
1001 101 4 58 6 40 5
1001 101 4 95 3 85 3
1001 101 4 48 4 65 2
1001 101 4 11 1 17 0
1001 101 4 95 4 10 0
1001 101 4 55 3 73 4
1001 101 4 32 2 25 4
1001 101 4 20 2 15 2
1001 101 4 65 3 94 4
1001 101 4 57 2 41 6
1001 101 4 10 5 7 2
1001 101 4 81 0 65 3
1001 101 4 58 2 19 6
1001 101 4 46 0 45 2
1001 101 4 94 4 9 4
1001 101 4 11 0 64 7
1001 101 4 45 6 85 5
1001 101 4 81 6 94 4
1001 101 4 40 7 25 7
1001 101 4 60 7 85 4
1001 101 4 65 7 52 7
1001 101 4 98 4 42 5
1001 101 4 78 3 60 7
1001 101 4 53 7 55 7
1001 101 4 64 7 49 2
1001 101 4 78 5 50 4
1001 101 4 65 7 16 3
1001 101 4 98 4 99 3
1001 101 4 1 5 10 6
1001 101 4 9 4 38 3
1001 101 4 40 7 57 2
1001 101 4 78 4 47 2
1001 101 4 42 5 17 1
1001 101 4 78 3 10 1
1001 101 4 16 2 48 4
1001 101 4 17 1 57 7
1001 101 4 60 4 46 2
1001 101 4 48 2 38 4
1001 101 4 41 7 99 1
1001 101 4 95 4 7 4
1001 101 4 55 3 61 4
1001 101 4 84 0 92 1
1001 101 4 10 2 95 3
1001 101 4 87 0 9 3
1001 101 4 68 2 44 4
1001 101 4 10 1 78 7
1001 101 4 61 2 94 4
1001 101 4 23 7 46 7
1001 101 4 94 4 52 2
1001 101 4 26 0 58 6
1001 101 4 56 3 95 3
1001 101 4 84 2 92 6
1001 101 4 10 5 20 2
1001 101 4 70 4 38 7
1001 101 4 57 7 19 0
1001 101 4 60 2 45 2
1001 101 4 52 4 71 4
1001 101 4 95 3 15 0
1001 101 4 73 7 52 7
1001 101 4 32 7 58 2
1001 101 4 47 2 15 6
1001 101 4 52 2 81 0
1001 101 4 40 6 13 1
1001 101 4 10 2 78 2
1001 101 4 48 2 16 4
1001 101 4 25 0 88 7
1001 101 4 85 4 78 5
1001 101 4 55 2 70 4
1001 101 4 19 7 92 1
1001 101 4 23 7 78 3
1001 101 4 9 4 71 4
1001 101 4 92 1 25 0
1001 101 4 15 7 78 4
1001 101 4 55 3 94 4
1001 101 4 13 0 32 6
1001 101 4 99 4 64 0
1001 101 4 1 5 23 6
1001 101 4 16 5 71 4
1001 101 4 40 5 88 5
1001 101 4 46 2 78 4
1001 101 4 48 7 73 7
1001 101 4 25 2 68 0
1001 101 4 23 2 85 4
1001 101 4 48 2 38 7
1001 101 4 13 0 64 0
1001 101 4 56 7 15 7
1001 101 4 87 2 53 7
1001 101 4 99 1 13 1
1001 101 4 85 4 23 7
1001 101 4 87 5 65 2
1001 101 4 49 5 44 5
1001 101 4 78 5 50 2
1001 101 4 16 2 38 4
1001 101 4 25 7 17 0
1001 101 4 20 2 95 4
1001 101 4 9 2 94 4
1001 101 4 58 7 64 7
1001 101 4 1 3 50 5
1001 101 4 70 4 38 3
1001 101 4 26 1 98 3
1001 101 4 46 0 7 2
1001 101 4 19 5 92 6
1001 101 4 20 3 95 4
1001 101 4 16 5 61 4
1001 101 4 98 4 32 6
1001 101 4 7 3 23 2
1001 101 4 70 4 71 4
1001 101 4 99 7 92 0
1001 101 4 1 3 47 7
1001 101 4 52 2 81 6
1001 101 4 25 7 49 7
1001 101 4 46 7 60 7
1001 101 4 58 5 32 5
1001 101 4 95 3 10 5
1001 101 4 61 4 9 7
1001 101 4 25 0 68 7
1001 101 4 1 4 45 6
1001 101 4 71 4 48 2
1001 101 4 84 0 98 3
1001 101 4 10 2 47 7
1001 101 4 65 3 61 4
1001 101 4 11 0 58 7
1001 101 4 20 6 46 7
1001 101 4 64 5 13 1
1001 101 4 85 3 60 4
1001 101 4 61 3 52 2
1001 101 4 26 0 68 7
1001 101 4 60 4 7 3
1001 101 4 53 2 81 0
1001 101 4 32 2 26 6
1001 101 4 23 2 46 0
1001 101 4 13 0 68 7
1001 101 4 47 7 15 7
1001 101 4 61 4 48 2
1001 101 4 40 5 26 6
1001 101 4 15 2 95 4
1001 101 4 70 4 9 3
1001 101 4 42 2 64 0
1001 101 4 56 3 10 5
1001 101 4 61 4 65 7
1001 101 4 49 6 19 5
1001 101 4 60 4 50 7
1001 101 4 9 7 81 5
1001 101 4 32 2 88 5
1001 101 4 16 7 87 2
1001 101 4 99 2 40 2
1001 101 4 85 5 7 4
1001 101 4 64 7 57 5
1001 101 4 45 5 60 4
1001 101 4 87 2 52 4
1001 101 4 58 6 42 5
1001 101 4 47 5 15 0
1001 101 4 61 3 16 3
1001 101 4 11 1 11 0
1001 101 4 19 7 19 5
1001 101 4 25 0 25 7
1001 101 4 26 1 26 6
1001 101 4 32 2 32 5
1001 101 4 40 2 40 5
1001 101 4 42 2 42 5
1001 101 4 44 5 44 0
1001 101 4 49 6 49 5
1001 101 4 64 0 64 2
1001 101 4 68 0 68 7
1001 101 4 84 0 84 2
1001 101 4 92 6 92 0
1001 101 4 98 4 98 2
1001 101 4 99 1 99 4
1001 101 4 1 7 1 5
1001 101 4 7 5 7 3
1001 101 4 10 7 10 5
1001 101 4 15 7 15 2
1001 101 4 20 7 20 3
1001 101 4 23 2 23 6
1001 101 4 45 6 45 3
1001 101 4 47 7 47 2
1001 101 4 50 5 50 6
1001 101 4 56 4 56 3
1001 101 4 78 2 78 4
1001 101 4 85 3 85 5
1001 101 4 9 4 9 7
1001 101 4 16 4 16 3
1001 101 4 38 7 38 3
1001 101 4 48 4 48 2
1001 101 4 52 3 52 2
1001 101 4 55 7 55 2
1001 101 4 61 4 61 7
1001 101 4 65 3 65 7
1001 101 4 73 7 73 3
1001 101 4 81 7 81 6
1001 101 4 87 7 87 0
1001 101 4 13 0 19 0
1001 101 4 92 1 99 1
1001 101 4 57 2 88 2
1001 101 4 44 4 98 4
1001 101 4 44 5 64 5
1001 101 4 11 6 58 6
1001 101 4 40 7 98 7
1001 101 4 15 0 46 0
1001 101 4 60 2 10 2
1001 101 4 7 3 20 3
1001 101 4 85 4 60 4
1001 101 4 45 5 10 5
1001 101 4 50 6 56 6
1001 101 4 56 7 50 7
1001 101 4 81 0 87 0
1001 101 4 52 2 48 2
1001 101 4 61 3 73 3
1001 101 4 81 5 16 5
1001 101 4 16 7 53 7
1001 101 4 88 2 58 6
1001 101 4 60 2 7 5
1001 101 4 73 3 48 2
1001 101 4 58 7 68 7
1001 101 4 23 6 20 2
1001 101 4 53 7 94 4
1001 101 4 58 2 11 1
1001 101 4 23 6 50 2
1001 101 4 58 6 26 0
1001 101 4 85 5 56 4
1001 101 4 94 4 71 4
1001 101 4 41 2 25 5
1001 101 4 46 0 85 2
1001 101 4 38 4 16 2
1001 101 4 64 0 40 5
1001 101 4 1 2 56 4
1001 101 4 84 0 57 5
1001 101 4 48 7 53 7
1001 101 4 58 2 44 4
1001 101 4 20 7 1 2
1001 101 4 52 7 61 4
1001 101 4 92 6 57 2
1001 101 4 1 2 10 6
1001 101 4 81 2 61 4
1001 101 4 49 5 41 2
1001 101 4 56 7 85 3
1001 101 4 53 7 87 7
1001 101 4 98 7 17 0
1001 101 4 20 7 23 6
1001 101 4 11 0 58 5
1001 101 4 78 2 46 7
1001 101 4 16 5 48 7
1001 101 4 49 7 92 6
1001 101 4 95 3 85 5
1001 101 4 73 7 65 3
1001 101 4 42 5 11 1
1001 101 4 85 4 47 7
1001 101 4 65 3 52 3
1001 101 4 49 6 13 1
1001 101 4 78 4 45 3
1001 101 4 65 3 87 7
1001 101 4 13 0 26 6
1001 101 4 92 0 13 0
1001 101 4 85 5 60 2
1001 101 4 94 4 61 4
1001 101 4 57 7 92 6
1001 101 4 60 2 10 6
1001 101 4 94 4 65 2
1001 101 4 99 2 98 7
1001 101 4 46 0 23 2
1001 101 4 65 4 53 2
1001 101 4 42 2 68 7
1001 101 4 15 7 50 4
1001 101 4 81 2 94 4
1001 101 4 32 6 57 2
1001 101 4 78 2 60 7
1001 101 4 16 7 55 4
1001 101 4 15 6 1 5
1001 101 4 71 4 65 7
1001 101 4 25 0 40 7
1001 101 4 15 6 10 6
1001 101 4 64 7 41 7
1001 101 4 1 7 23 6
1001 101 4 55 7 53 2
1001 101 4 19 5 84 2
1001 101 4 7 5 10 2
1001 101 4 65 4 16 7
1001 101 4 57 7 13 0
1001 101 4 78 7 46 7
1001 101 4 16 3 71 4
1001 101 4 57 5 68 0
1001 101 4 10 7 7 2
1001 101 4 70 4 61 3
1001 101 4 32 2 92 0
1001 101 4 20 3 23 2
1001 101 4 87 0 73 4
1001 101 4 11 0 13 1
1001 101 4 7 5 15 2
1001 101 4 16 3 70 4
1001 101 4 19 7 25 6
1001 101 4 85 4 7 4
1001 101 4 70 4 53 7
1001 101 4 84 0 41 0
1001 101 4 85 2 50 5
1001 101 4 42 2 40 2
1001 101 4 56 7 46 0
1001 101 4 73 3 70 4
1001 101 4 57 7 44 7
1001 101 4 45 3 46 2
1001 101 4 53 7 38 4
1001 101 4 92 0 13 1
1001 101 4 7 5 95 4
1001 101 4 9 3 52 4
1001 101 4 84 7 44 0
1001 101 4 78 4 56 4
1001 101 4 40 2 49 5
1001 101 4 56 4 85 2
1001 101 4 64 5 42 5
1001 101 4 56 2 50 6
1001 101 4 48 2 16 3
1001 101 4 68 2 19 7
1001 101 4 85 5 95 3
1001 101 4 9 3 87 7
1001 101 4 99 7 19 0
1001 101 4 15 2 50 7
1001 101 4 71 4 94 4
1001 101 4 98 7 40 2
1001 101 4 95 3 10 2
1001 101 4 9 7 55 7
1001 101 4 42 2 92 1
1001 101 4 15 0 95 3
1001 101 4 55 3 52 2
1001 101 4 40 6 26 1
1001 101 4 60 7 10 1
1001 101 4 57 5 17 0
1001 101 4 46 0 56 2
1001 101 4 73 3 71 4
1001 101 4 68 2 40 2
1001 101 4 47 7 78 4
1001 101 4 73 4 38 3
1001 101 4 84 0 32 7
1001 101 4 56 6 85 5
1001 101 4 81 6 73 7
1001 101 4 41 0 44 5
1001 101 4 50 7 47 2
1001 101 4 19 0 17 0
1001 101 4 15 0 1 5
1001 101 4 55 4 73 7
1001 101 4 41 2 44 0
1001 101 4 85 3 56 4
1001 101 4 55 7 81 6
1001 101 4 40 7 32 5
1001 101 4 60 7 20 7
1001 101 4 42 5 49 2
1001 101 4 10 0 23 6
1001 101 4 32 7 92 6
1001 101 4 50 4 46 2
1001 101 4 87 0 55 4
1001 101 4 84 0 19 7
1001 101 4 50 2 20 7
1001 101 4 70 4 55 4
1001 101 4 42 2 40 7
1001 101 4 7 4 50 4
1001 101 4 65 7 71 4
1001 101 4 7 5 85 5
1001 101 4 87 2 38 7
1001 101 4 88 7 84 0
1001 101 4 47 7 78 7
1001 101 4 55 7 70 4
1001 101 4 25 6 11 0
1001 101 4 23 7 46 0
1001 101 4 71 4 48 4
1001 101 4 68 0 17 1
1001 101 4 46 2 78 2
1001 101 4 52 2 16 5
1001 101 4 57 5 13 1
1001 101 4 95 4 46 7
1001 101 4 40 2 92 6
1001 101 4 78 3 10 2
1001 101 4 55 2 65 4
1001 101 4 98 7 42 2
1001 101 4 47 7 46 7
1001 101 4 87 0 48 4
1001 101 4 11 1 57 2
1001 101 4 46 0 10 2
1001 101 4 71 4 38 3
1001 101 4 41 6 17 0
1001 101 4 78 5 23 2
1001 101 4 61 2 73 2
1001 101 4 57 7 68 2
1001 101 4 20 7 46 0
1001 101 4 94 4 81 5
1001 101 4 17 0 68 2
1001 101 4 47 5 23 2
1001 101 4 16 3 81 5
1001 101 4 23 2 7 4
1001 101 4 38 4 52 3
1001 101 4 58 6 64 0
1001 101 4 95 4 78 2
1001 101 4 94 4 38 4
1001 101 4 42 2 84 7
1001 101 4 47 2 1 4
1001 101 4 94 4 52 3
1001 101 4 11 0 58 2
1001 101 4 1 3 78 4
1001 101 4 65 2 71 4
1001 101 4 98 1 49 5
1001 101 4 47 2 15 2
1001 101 4 32 7 84 0
1001 101 4 85 4 46 7
1001 101 4 81 5 73 7
1001 101 4 11 0 11 1
1001 101 4 19 6 19 7
1001 101 4 25 4 25 7
1001 101 4 32 2 32 7
1001 101 4 40 2 40 7
1001 101 4 41 6 41 7
1001 101 4 44 2 44 7
