1011 101 4 1005 4 32 5 64 2
1011 101 4 1005 4 23 6 46 0
1011 101 4 1005 4 99 2 11 1
1011 101 4 1005 4 95 3 1 3
1011 101 4 1005 4 11 6 32 6
1011 101 4 1005 4 15 6 45 5
1011 101 4 1005 4 40 6 41 7
1011 101 4 1005 4 23 2 7 5
1011 101 4 1005 4 19 0 49 5
1011 101 4 1005 4 46 2 15 6
1011 101 4 1005 4 88 5 68 7
1011 101 4 1005 4 47 2 15 7
1011 101 4 1005 4 92 0 17 0
1011 101 4 1005 4 7 5 45 6
1011 101 4 1005 4 11 0 25 0
1011 101 4 1005 4 85 2 10 5
1011 101 4 1005 4 84 2 40 2
1011 101 4 1005 4 10 7 56 6
1011 101 4 1005 4 11 6 49 6
1011 101 4 1005 4 45 3 1 2
1011 101 4 1005 4 42 2 68 0
1011 101 4 1005 4 56 4 50 4
1011 101 4 1005 4 42 2 25 6
1011 101 4 1005 4 46 7 78 4
1011 101 4 1005 4 68 2 98 3
1011 101 4 1005 4 10 1 56 6
1011 101 4 1005 4 25 6 32 5
1011 101 4 1005 4 56 7 23 7
1011 101 4 1005 4 13 1 26 1
1011 101 4 1005 4 78 7 85 4
1011 101 4 1005 4 41 7 58 7
1011 101 4 1005 4 20 2 45 6
1011 101 4 1005 4 11 1 25 6
1011 101 4 1005 4 15 7 7 3
1011 101 4 1005 4 17 0 41 6
1011 101 4 1005 4 45 4 46 2
1011 101 4 1005 4 13 1 17 0
1011 101 4 1005 4 10 2 95 4
1011 101 4 1005 4 88 7 11 6
1011 101 4 1005 4 78 7 50 5
1011 101 4 1005 4 25 5 49 6
1011 101 4 1005 4 85 5 23 2
1011 101 4 1005 4 11 6 41 6
1011 101 4 1005 4 95 3 1 4
1011 101 4 1005 4 13 0 26 0
1011 101 4 1005 4 23 6 1 2
1011 101 4 1005 4 42 2 58 6
1011 101 4 1005 4 7 4 78 7
1011 101 4 1005 4 40 2 11 1
1011 101 4 1005 4 15 7 78 7
1011 101 4 1005 4 68 2 17 0
1011 101 4 1005 4 23 2 47 7
1011 101 4 1005 4 17 1 19 0
1011 101 4 1005 4 60 4 15 6
1011 101 4 1005 4 17 1 88 5
1011 101 4 1005 4 85 3 56 3
1011 101 4 1005 4 40 5 13 0
1011 101 4 1005 4 47 7 23 6
1011 101 4 1005 4 64 7 88 7
1011 101 4 1005 4 56 7 78 3
1011 101 4 1005 4 64 2 57 7
1011 101 4 1005 4 1 2 60 7
1011 101 4 1005 4 17 0 88 5
1011 101 4 1005 4 20 7 1 2
1011 101 4 1005 4 49 2 64 0
1011 101 4 1005 4 99 4 49 2
1011 101 4 1005 4 23 6 7 5
1011 101 4 1005 4 57 2 49 7
1011 101 4 1005 4 56 7 1 4
1011 101 4 1005 4 57 7 68 2
1011 101 4 1005 4 7 2 23 6
1011 101 4 1005 4 84 7 11 6
1011 101 4 1005 4 10 0 78 4
1011 101 4 1005 4 99 7 98 1
1011 101 4 1005 4 1 4 78 5
1011 101 4 1005 4 44 6 49 6
1011 101 4 1005 4 23 7 46 7
1011 101 4 1005 4 57 2 13 1
1011 101 4 1005 4 85 5 46 2
1011 101 4 1005 4 57 5 84 2
1011 101 4 1005 4 47 2 10 0
1011 101 4 1005 4 68 7 64 0
1011 101 4 1005 4 78 2 7 5
1011 101 4 1005 4 40 7 98 2
1011 101 4 1005 4 50 7 10 2
1011 101 4 1005 4 41 7 88 5
1011 101 4 1005 4 1 2 45 5
1011 101 4 1005 4 42 2 99 4
1011 101 4 1005 4 95 4 45 2
1011 101 4 1005 4 17 1 58 6
1011 101 4 1005 4 1 4 46 0
1011 101 4 1005 4 84 2 11 0
1011 101 4 1005 4 78 7 15 6
1011 101 4 1005 4 42 5 98 4
1011 101 4 1005 4 23 6 50 4
1011 101 4 1005 4 42 5 58 2
1011 101 4 1005 4 7 5 50 5
1011 101 4 1005 4 19 6 11 6
1011 101 4 1005 4 85 4 47 5
1011 101 4 1005 4 19 0 41 2
1011 101 4 1005 4 45 6 47 2
1011 101 4 1005 4 64 5 40 7
1011 101 4 1005 4 78 5 95 4
1011 101 4 1005 4 68 2 98 1
1011 101 4 1005 4 85 2 1 4
1011 101 4 1005 4 44 2 88 5
1011 101 4 1005 4 78 3 46 7
1011 101 4 1005 4 88 5 92 6
1011 101 4 1005 4 20 3 7 3
1011 101 4 1005 4 68 2 58 6
1011 101 4 1005 4 56 3 95 3
1011 101 4 1005 4 41 6 68 0
1011 101 4 1005 4 85 5 10 7
1011 101 4 1005 4 26 0 88 2
1011 101 4 1005 4 78 3 46 0
1011 101 4 1005 4 13 1 84 2
1011 101 4 1005 4 60 4 20 2
1011 101 4 1005 4 44 2 84 7
1011 101 4 1005 4 47 7 60 2
1011 101 4 1005 4 32 7 58 5
1011 101 4 1005 4 60 4 50 6
1011 101 4 1005 4 11 0 88 2
1011 101 4 1005 4 20 6 7 2
1011 101 4 1005 4 26 0 57 2
1011 101 4 1005 4 50 7 56 2
1011 101 4 1005 4 92 6 98 2
1011 101 4 1005 4 23 7 15 0
1011 101 4 1005 4 99 4 32 6
1011 101 4 1005 4 45 7 56 4
1011 101 4 1005 4 57 7 42 2
1011 101 4 1005 4 23 2 85 5
1011 101 4 1005 4 64 0 32 7
1011 101 4 1005 4 20 6 78 4
1011 101 4 1005 4 19 7 25 2
1011 101 4 1005 4 15 2 23 7
1011 101 4 1005 4 98 2 42 2
1011 101 4 1005 4 20 3 15 0
1011 101 4 1005 4 11 0 13 1
1011 101 4 1005 4 46 0 1 3
1011 101 4 1005 4 84 0 58 5
1011 101 4 1005 4 78 4 15 7
1011 101 4 1005 4 92 6 42 5
1011 101 4 1005 4 23 6 56 6
1011 101 4 1005 4 42 5 17 1
1011 101 4 1005 4 7 5 20 6
1011 101 4 1005 4 99 2 49 5
1011 101 4 1005 4 45 2 60 2
1011 101 4 1005 4 40 7 42 5
1011 101 4 1005 4 95 4 7 2
1011 101 4 1005 4 13 1 11 0
1011 101 4 1005 4 10 5 85 2
1011 101 4 1005 4 99 4 40 7
1011 101 4 1005 4 78 2 50 6
1011 101 4 1005 4 68 7 13 0
1011 101 4 1005 4 1 3 15 6
1011 101 4 1005 4 84 0 58 6
1011 101 4 1005 4 42 5 64 2
1011 101 4 1005 4 7 4 1 7
1011 101 4 1005 4 88 5 40 2
1011 101 4 1005 4 10 5 46 2
1011 101 4 1005 4 58 7 40 7
1011 101 4 1005 4 49 2 57 5
1011 101 4 1005 4 7 4 1 4
1011 101 4 1005 4 57 5 19 6
1011 101 4 1005 4 95 4 45 6
1011 101 4 1005 4 41 7 64 0
1011 101 4 1005 4 46 2 95 4
1011 101 4 1005 4 88 5 13 0
1011 101 4 1005 4 56 3 1 2
1011 101 4 1005 4 17 0 98 3
1011 101 4 1005 4 95 3 50 5
1011 101 4 1005 4 68 2 84 2
1011 101 4 1005 4 56 7 50 5
1011 101 4 1005 4 42 5 49 6
1011 101 4 1005 4 78 3 47 5
1011 101 4 1005 4 68 0 88 7
1011 101 4 1005 4 47 2 45 2
1011 101 4 1005 4 13 0 57 7
1011 101 4 1005 4 15 6 60 4
1011 101 4 1005 4 64 2 98 3
1011 101 4 1005 4 78 4 50 5
1011 101 4 1005 4 11 0 92 6
1011 101 4 1005 4 95 4 1 2
1011 101 4 1005 4 49 7 11 1
1011 101 4 1005 4 78 3 95 4
1011 101 4 1005 4 49 5 98 1
1011 101 4 1005 4 47 7 1 4
1011 101 4 1005 4 92 1 64 0
1011 101 4 1005 4 50 6 46 2
1011 101 4 1005 4 40 2 57 5
1011 101 4 1005 4 7 3 85 3
1011 101 4 1005 4 32 5 57 5
1011 101 4 1005 4 15 6 78 5
1011 101 4 1005 4 10 2 1 6
1011 101 4 1005 4 92 0 57 7
1011 101 4 1005 4 15 6 1 7
1011 101 4 1005 4 13 0 41 7
1011 101 4 1005 4 50 4 78 3
1011 101 4 1005 4 42 5 25 5
1011 101 4 1005 4 60 7 47 5
1011 101 4 1005 4 99 2 57 2
1011 101 4 1005 4 15 7 46 7
1011 101 4 1005 4 17 1 32 7
1011 101 4 1005 4 10 7 50 6
1011 101 4 1005 4 58 7 88 2
1011 101 4 1005 4 47 5 15 6
1011 101 4 1005 4 11 6 11 0
1011 101 4 1005 4 13 1 13 0
1011 101 4 1005 4 17 1 17 0
1011 101 4 1005 4 19 6 19 0
1011 101 4 1005 4 25 5 25 6
1011 101 4 1005 4 26 1 26 6
1011 101 4 1005 4 32 6 32 5
1011 101 4 1005 4 40 2 40 5
1011 101 4 1005 4 41 0 41 2
1011 101 4 1005 4 42 2 42 5
1011 101 4 1005 4 44 4 44 5
1011 101 4 1005 4 49 2 49 6
1011 101 4 1005 4 57 2 57 7
1011 101 4 1005 4 58 6 58 7
1011 101 4 1005 4 64 5 64 7
1011 101 4 1005 4 68 0 68 7
1011 101 4 1005 4 84 7 84 0
1011 101 4 1005 4 88 2 88 7
1011 101 4 1005 4 92 1 92 0
1011 101 4 1005 4 98 7 98 4
1011 101 4 1005 4 99 7 99 3
1011 101 4 1005 4 1 5 1 6
1011 101 4 1005 4 7 3 7 5
1011 101 4 1005 4 10 2 10 6
1011 101 4 1005 4 15 6 15 0
1011 101 4 1005 4 20 2 20 6
1011 101 4 1005 4 23 6 23 7
1011 101 4 1005 4 45 7 45 4
1011 101 4 1005 4 46 2 46 0
1011 101 4 1005 4 47 2 47 7
1011 101 4 1005 4 50 2 50 5
1011 101 4 1005 4 56 2 56 6
1011 101 4 1005 4 60 4 60 2
1011 101 4 1005 4 78 3 78 5
1011 101 4 1005 4 85 4 85 3
1011 101 4 1005 4 95 3 95 4
1011 101 4 1005 4 41 0 13 0
1011 101 4 1005 4 99 1 92 1
1011 101 4 1005 4 99 2 44 2
1011 101 4 1005 4 98 3 99 3
1011 101 4 1005 4 99 4 25 4
1011 101 4 1005 4 40 5 88 5
1011 101 4 1005 4 19 6 25 6
1011 101 4 1005 4 44 7 68 7
1011 101 4 1005 4 10 0 46 0
1011 101 4 1005 4 10 1 10 1
1011 101 4 1005 4 47 2 46 2
1011 101 4 1005 4 45 3 78 3
1011 101 4 1005 4 45 4 7 4
1011 101 4 1005 4 45 5 1 5
1011 101 4 1005 4 15 6 20 6
1011 101 4 1005 4 60 7 56 7
1011 101 4 1005 4 44 6 26 1
1011 101 4 1005 4 78 4 47 2
1011 101 4 1005 4 42 5 84 0
1011 101 4 1005 4 45 7 85 3
1011 101 4 1005 4 68 0 58 6
1011 101 4 1005 4 78 7 47 5
1011 101 4 1005 4 92 0 44 7
1011 101 4 1005 4 50 7 95 3
1011 101 4 1005 4 88 5 13 1
1011 101 4 1005 4 15 7 78 2
1011 101 4 1005 4 57 2 32 2
1011 101 4 1005 4 15 2 60 2
1011 101 4 1005 4 84 2 32 2
1011 101 4 1005 4 47 2 10 1
1011 101 4 1005 4 84 2 25 7
1011 101 4 1005 4 20 2 85 3
1011 101 4 1005 4 13 1 19 7
1011 101 4 1005 4 15 7 47 2
1011 101 4 1005 4 42 2 26 1
1011 101 4 1005 4 45 3 85 4
1011 101 4 1005 4 42 2 57 7
1011 101 4 1005 4 60 2 46 2
1011 101 4 1005 4 42 5 88 2
1011 101 4 1005 4 95 3 20 3
1011 101 4 1005 4 26 6 49 7
1011 101 4 1005 4 60 2 47 2
1011 101 4 1005 4 19 5 68 0
1011 101 4 1005 4 95 4 1 4
1011 101 4 1005 4 13 1 88 5
1011 101 4 1005 4 64 5 11 1
1011 101 4 1005 4 45 4 95 4
1011 101 4 1005 4 42 2 49 6
1011 101 4 1005 4 45 2 78 4
1011 101 4 1005 4 64 5 11 0
1011 101 4 1005 4 15 7 7 2
1011 101 4 1005 4 68 0 11 1
1011 101 4 1005 4 15 0 45 2
1011 101 4 1005 4 98 7 41 6
1011 101 4 1005 4 46 2 60 2
1011 101 4 1005 4 13 1 68 2
1011 101 4 1005 4 50 7 7 4
1011 101 4 1005 4 17 0 88 7
1011 101 4 1005 4 10 6 85 5
1011 101 4 1005 4 98 3 44 0
1011 101 4 1005 4 47 2 10 2
1011 101 4 1005 4 41 0 88 5
1011 101 4 1005 4 85 5 15 7
1011 101 4 1005 4 57 5 49 2
1011 101 4 1005 4 60 2 10 0
1011 101 4 1005 4 92 6 41 7
1011 101 4 1005 4 78 2 85 5
1011 101 4 1005 4 84 0 26 0
1011 101 4 1005 4 50 5 85 4
1011 101 4 1005 4 17 1 25 6
1011 101 4 1005 4 85 4 23 7
1011 101 4 1005 4 88 5 42 5
1011 101 4 1005 4 7 5 85 3
1011 101 4 1005 4 49 5 32 2
1011 101 4 1005 4 23 2 95 3
1011 101 4 1005 4 41 2 11 1
1011 101 4 1005 4 23 6 47 7
1011 101 4 1005 4 26 1 49 5
1011 101 4 1005 4 7 4 78 2
1011 101 4 1005 4 40 2 11 6
1011 101 4 1005 4 23 6 47 2
1011 101 4 1005 4 32 2 41 7
1011 101 4 1005 4 56 4 85 3
1011 101 4 1005 4 84 2 44 6
1011 101 4 1005 4 56 3 47 5
1011 101 4 1005 4 88 7 26 6
1011 101 4 1005 4 46 7 23 6
1011 101 4 1005 4 26 6 17 0
1011 101 4 1005 4 15 2 20 6
1011 101 4 1005 4 25 0 84 0
1011 101 4 1005 4 56 2 20 6
1011 101 4 1005 4 88 2 40 7
1011 101 4 1005 4 23 2 7 3
1011 101 4 1005 4 42 5 26 1
1011 101 4 1005 4 20 7 47 7
1011 101 4 1005 4 11 1 58 2
1011 101 4 1005 4 95 3 50 2
1011 101 4 1005 4 19 6 44 2
1011 101 4 1005 4 10 2 15 2
1011 101 4 1005 4 25 7 11 1
1011 101 4 1005 4 20 3 60 2
1011 101 4 1005 4 41 2 99 2
1011 101 4 1005 4 42 5 40 5
1011 101 4 1005 4 56 2 47 2
1011 101 4 1005 4 64 5 57 5
1011 101 4 1005 4 85 5 46 7
1011 101 4 1005 4 58 5 68 2
1011 101 4 1005 4 95 4 85 2
1011 101 4 1005 4 25 4 57 7
1011 101 4 1005 4 20 2 10 1
1011 101 4 1005 4 84 0 25 5
1011 101 4 1005 4 47 7 85 4
1011 101 4 1005 4 11 6 84 7
1011 101 4 1005 4 1 5 45 6
1011 101 4 1005 4 84 2 26 6
1011 101 4 1005 4 50 6 56 3
1011 101 4 1005 4 17 0 92 0
1011 101 4 1005 4 46 7 23 7
1011 101 4 1005 4 32 7 25 0
1011 101 4 1005 4 15 0 20 7
1011 101 4 1005 4 32 6 68 0
1011 101 4 1005 4 45 3 85 5
1011 101 4 1005 4 99 3 84 7
1011 101 4 1005 4 45 3 1 5
1011 101 4 1005 4 99 3 13 1
1011 101 4 1005 4 1 5 7 5
1011 101 4 1005 4 88 2 68 0
1011 101 4 1005 4 85 4 56 6
1011 101 4 1005 4 41 6 99 2
1011 101 4 1005 4 1 3 56 3
1011 101 4 1005 4 26 1 32 7
1011 101 4 1005 4 13 0 40 2
1011 101 4 1005 4 50 7 78 2
1011 101 4 1005 4 25 7 68 0
1011 101 4 1005 4 20 3 56 6
1011 101 4 1005 4 84 2 44 2
1011 101 4 1005 4 10 0 23 6
1011 101 4 1005 4 13 1 99 1
1011 101 4 1005 4 1 6 23 6
1011 101 4 1005 4 17 0 49 5
1011 101 4 1005 4 20 7 45 7
1011 101 4 1005 4 32 2 88 7
1011 101 4 1005 4 56 7 1 6
1011 101 4 1005 4 32 2 25 6
1011 101 4 1005 4 15 7 7 5
1011 101 4 1005 4 44 0 68 7
1011 101 4 1005 4 10 5 23 2
1011 101 4 1005 4 98 1 88 5
1011 101 4 1005 4 50 4 95 4
1011 101 4 1005 4 84 0 98 1
1011 101 4 1005 4 50 4 60 2
1011 101 4 1005 4 44 5 84 0
1011 101 4 1005 4 10 2 56 7
1011 101 4 1005 4 64 0 11 0
1011 101 4 1005 4 78 7 56 3
1011 101 4 1005 4 84 2 99 7
1011 101 4 1005 4 85 4 46 0
1011 101 4 1005 4 40 5 98 4
1011 101 4 1005 4 45 5 23 6
1011 101 4 1005 4 32 5 25 4
1011 101 4 1005 4 45 4 50 7
1011 101 4 1005 4 98 1 40 5
1011 101 4 1005 4 20 3 15 7
1011 101 4 1005 4 99 7 41 0
1011 101 4 1005 4 23 7 50 7
1011 101 4 1005 4 46 7 1 5
1011 101 4 1005 4 13 0 32 6
1011 101 4 1005 4 23 7 56 3
1011 101 4 1005 4 11 0 40 6
1011 101 4 1005 4 85 3 45 4
1011 101 4 1005 4 64 5 58 5
1011 101 4 1005 4 85 2 95 3
1011 101 4 1005 4 92 1 26 1
1011 101 4 1005 4 78 3 50 4
1011 101 4 1005 4 84 7 58 6
1011 101 4 1005 4 15 7 47 7
1011 101 4 1005 4 84 7 25 0
1011 101 4 1005 4 15 0 60 7
1011 101 4 1005 4 26 0 98 3
1011 101 4 1005 4 46 7 10 1
1011 101 4 1005 4 13 1 88 7
1011 101 4 1005 4 49 6 64 7
1011 101 4 1005 4 50 5 45 6
1011 101 4 1005 4 26 0 11 0
1011 101 4 1005 4 56 7 50 7
1011 101 4 1005 4 44 0 17 1
1011 101 4 1005 4 7 4 56 6
1011 101 4 1005 4 84 0 25 6
1011 101 4 1005 4 10 5 45 7
1011 101 4 1005 4 60 7 46 0
1011 101 4 1005 4 42 5 68 2
1011 101 4 1005 4 10 7 78 2
1011 101 4 1005 4 32 6 58 7
1011 101 4 1005 4 56 3 10 7
1011 101 4 1005 4 1 6 20 7
1011 101 4 1005 4 57 5 17 1
1011 101 4 1005 4 60 4 15 2
1011 101 4 1005 4 25 4 40 5
1011 101 4 1005 4 7 2 95 3
1011 101 4 1005 4 68 7 11 6
1011 101 4 1005 4 46 2 47 7
1011 101 4 1005 4 32 6 92 6
1011 101 4 1005 4 50 4 46 2
1011 101 4 1005 4 42 2 58 5
1011 101 4 1005 4 46 7 60 2
1011 101 4 1005 4 57 2 92 1
1011 101 4 1005 4 95 3 46 2
1011 101 4 1005 4 32 6 88 7
1011 101 4 1005 4 15 0 95 3
1011 101 4 1005 4 25 0 49 2
1011 101 4 1005 4 23 6 50 6
1011 101 4 1005 4 41 7 26 1
1011 101 4 1005 4 85 3 50 6
1011 101 4 1005 4 26 6 98 1
1011 101 4 1005 4 60 4 1 2
1011 101 4 1005 4 98 2 17 1
1011 101 4 1005 4 11 0 11 6
1011 101 4 1005 4 19 2 19 6
1011 101 4 1005 4 25 5 25 4
1011 101 4 1005 4 32 5 32 6
1011 101 4 1005 4 40 7 40 6
1011 101 4 1005 4 41 7 41 6
1011 101 4 1005 4 44 2 44 0
1011 101 4 1005 4 49 6 49 5
1011 101 4 1005 4 57 7 57 5
1011 101 4 1005 4 58 5 58 7
1011 101 4 1005 4 64 2 64 5
1011 101 4 1005 4 68 2 68 7
1011 101 4 1005 4 84 2 84 0
1011 101 4 1005 4 88 7 88 2
1011 101 4 1005 4 92 6 92 1
1011 101 4 1005 4 98 2 98 3
1011 101 4 1005 4 99 2 99 7
1011 101 4 1005 4 1 3 1 4
1011 101 4 1005 4 7 3 7 4
1011 101 4 1005 4 10 1 10 7
1011 101 4 1005 4 15 0 15 6
1011 101 4 1005 4 20 3 20 7
1011 101 4 1005 4 23 7 23 6
1011 101 4 1005 4 45 4 45 7
1011 101 4 1005 4 46 7 46 2
1011 101 4 1005 4 47 5 47 7
1011 101 4 1005 4 50 5 50 2
1011 101 4 1005 4 56 2 56 7
1011 101 4 1005 4 60 2 60 4
1011 101 4 1005 4 78 7 78 4
1011 101 4 1005 4 85 5 85 2
1011 101 4 1005 4 41 0 64 0
1011 101 4 1005 4 98 1 17 1
1011 101 4 1005 4 88 2 58 2
1011 101 4 1005 4 98 4 25 4
1011 101 4 1005 4 58 5 49 5
1011 101 4 1005 4 11 6 25 6
1011 101 4 1005 4 49 7 84 7
1011 101 4 1005 4 10 0 15 0
1011 101 4 1005 4 7 2 85 2
1011 101 4 1005 4 95 3 7 3
1011 101 4 1005 4 56 4 78 4
1011 101 4 1005 4 10 5 1 5
1011 101 4 1005 4 56 6 45 6
1011 101 4 1005 4 10 7 46 7
1011 101 4 1005 4 60 7 15 2
1011 101 4 1005 4 98 7 25 4
1011 101 4 1005 4 85 4 45 6
1011 101 4 1005 4 11 6 57 7
1011 101 4 1005 4 56 7 7 4
1011 101 4 1005 4 13 1 17 1
1011 101 4 1005 4 17 1 98 4
1011 101 4 1005 4 15 0 1 6
1011 101 4 1005 4 26 6 88 7
1011 101 4 1005 4 85 3 56 2
1011 101 4 1005 4 32 7 40 2
1011 101 4 1005 4 50 4 15 0
1011 101 4 1005 4 42 5 49 5
1011 101 4 1005 4 1 4 60 4
1011 101 4 1005 4 32 7 64 7
1011 101 4 1005 4 95 3 1 5
1011 101 4 1005 4 49 2 13 0
1011 101 4 1005 4 85 2 23 7
1011 101 4 1005 4 32 6 44 4
1011 101 4 1005 4 20 3 10 6
1011 101 4 1005 4 17 1 41 0
1011 101 4 1005 4 47 7 7 4
1011 101 4 1005 4 44 5 26 6
1011 101 4 1005 4 23 2 15 2
1011 101 4 1005 4 19 2 41 6
1011 101 4 1005 4 20 6 10 5
1011 101 4 1005 4 40 7 84 2
1011 101 4 1005 4 46 7 15 2
1011 101 4 1005 4 11 0 57 7
1011 101 4 1005 4 95 4 50 5
1011 101 4 1005 4 68 2 92 0
1011 101 4 1005 4 1 5 60 2
1011 101 4 1005 4 20 3 95 3
1011 101 4 1005 4 58 6 92 0
1011 101 4 1005 4 15 7 47 5
1011 101 4 1005 4 40 7 57 7
1011 101 4 1005 4 95 4 50 2
1011 101 4 1005 4 32 2 13 0
1011 101 4 1005 4 10 2 1 5
1011 101 4 1005 4 64 2 68 7
1011 101 4 1005 4 50 6 23 7
1011 101 4 1005 4 88 7 98 2
1011 101 4 1005 4 50 4 15 7
1011 101 4 1005 4 32 5 98 2
1011 101 4 1005 4 85 4 10 0
1011 101 4 1005 4 64 2 99 3
1011 101 4 1005 4 20 7 56 3
1011 101 4 1005 4 92 0 44 6
1011 101 4 1005 4 7 4 47 2
1011 101 4 1005 4 44 5 88 2
1011 101 4 1005 4 10 1 20 3
1011 101 4 1005 4 58 6 92 1
1011 101 4 1005 4 95 3 1 7
1011 101 4 1005 4 99 7 64 5
1011 101 4 1005 4 85 3 50 7
1011 101 4 1005 4 41 2 32 5
1011 101 4 1005 4 15 2 50 4
1011 101 4 1005 4 17 0 49 7
1011 101 4 1005 4 45 3 85 3
1011 101 4 1005 4 92 1 68 0
1011 101 4 1005 4 60 2 85 2
1011 101 4 1005 4 64 2 32 6
1011 101 4 1005 4 15 2 10 7
1011 101 4 1005 4 64 0 98 3
1011 101 4 1005 4 46 2 15 0
1011 101 4 1005 4 92 1 25 0
1011 101 4 1005 4 45 7 47 2
1011 101 4 1005 4 26 1 58 7
1011 101 4 1005 4 85 5 23 6
1011 101 4 1005 4 92 6 88 2
1011 101 4 1005 4 20 6 10 1
1011 101 4 1005 4 17 0 42 2
1011 101 4 1005 4 60 7 50 2
1011 101 4 1005 4 64 0 13 1
1011 101 4 1005 4 46 0 45 4
1011 101 4 1005 4 68 2 44 0
1011 101 4 1005 4 45 3 23 2
1011 101 4 1005 4 13 1 49 6
1011 101 4 1005 4 10 6 56 3
1011 101 4 1005 4 13 1 68 7
1011 101 4 1005 4 60 2 78 3
1011 101 4 1005 4 57 5 26 1
1011 101 4 1005 4 45 2 50 2
1011 101 4 1005 4 26 6 19 6
1011 101 4 1005 4 20 6 95 4
1011 101 4 1005 4 47 5 78 3
1011 101 4 1005 4 19 6 40 5
1011 101 4 1005 4 47 7 46 0
1011 101 4 1005 4 64 0 26 0
1011 101 4 1005 4 41 0 57 5
1011 101 4 1005 4 46 2 78 5
1011 101 4 1005 4 26 0 57 5
1011 101 4 1005 4 10 2 50 7
1011 101 4 1005 4 99 3 11 6
1011 101 4 1005 4 45 5 23 7
1011 101 4 1005 4 23 7 50 4
1011 101 4 1005 4 98 7 42 2
1011 101 4 1005 4 7 3 60 7
1011 101 4 1005 4 11 6 58 5
1011 101 4 1005 4 85 5 78 3
1011 101 4 1005 4 64 5 42 2
1011 101 4 1005 4 23 7 1 6
1011 101 4 1005 4 84 0 88 2
1011 101 4 1005 4 78 5 56 6
1011 101 4 1005 4 84 2 88 5
1011 101 4 1005 4 58 5 19 5
1011 101 4 1005 4 78 7 85 2
1011 101 4 1005 4 26 6 64 5
1011 101 4 1005 4 10 6 20 7
1011 101 4 1005 4 99 3 19 5
1011 101 4 1005 4 10 5 20 7
1011 101 4 1005 4 42 5 44 2
1011 101 4 1005 4 47 7 60 7
1011 101 4 1005 4 92 0 68 0
1011 101 4 1005 4 45 6 10 1
1011 101 4 1005 4 45 5 60 7
1011 101 4 1005 4 41 0 26 6
1011 101 4 1005 4 46 7 10 5
1011 101 4 1005 4 92 0 19 2
1011 101 4 1005 4 85 2 7 5
1011 101 4 1005 4 41 2 13 1
1011 101 4 1005 4 56 6 1 4
1011 101 4 1005 4 40 7 11 0
1011 101 4 1005 4 58 6 99 7
1011 101 4 1005 4 45 4 46 7
1011 101 4 1005 4 11 6 40 7
1011 101 4 1005 4 10 5 50 2
1011 101 4 1005 4 42 5 13 0
1011 101 4 1005 4 15 0 56 4
1011 101 4 1005 4 44 0 13 0
1011 101 4 1005 4 20 3 45 7
1011 101 4 1005 4 11 0 99 4
1011 101 4 1005 4 7 3 1 4
1011 101 4 1005 4 64 0 49 5
1011 101 4 1005 4 45 2 47 5
1011 101 4 1005 4 41 7 99 7
1011 101 4 1005 4 95 3 10 2
1011 101 4 1005 4 32 5 42 5
1011 101 4 1005 4 23 2 95 4
1011 101 4 1005 4 58 6 44 2
1011 101 4 1005 4 47 2 56 2
1011 101 4 1005 4 98 7 84 7
1011 101 4 1005 4 1 4 46 7
1011 101 4 1005 4 64 0 49 7
1011 101 4 1005 4 23 2 46 2
1011 101 4 1005 4 40 6 58 2
1011 101 4 1005 4 7 2 15 2
1011 101 4 1005 4 19 0 17 1
1011 101 4 1005 4 23 7 85 2
1011 101 4 1005 4 57 5 25 4
1011 101 4 1005 4 15 6 47 5
1011 101 4 1005 4 68 0 42 2
1011 101 4 1005 4 56 2 85 4
1011 101 4 1005 4 64 0 98 2
1011 101 4 1005 4 99 7 57 5
1011 101 4 1005 4 60 7 10 1
1011 101 4 1005 4 84 7 92 0
1011 101 4 1005 4 46 0 45 5
1011 101 4 1005 4 58 6 49 5
1011 101 4 1005 4 98 3 84 7
1011 101 4 1005 4 47 5 7 5
1011 101 4 1005 4 25 5 42 5
1011 101 4 1005 4 50 7 7 3
1011 101 4 1005 4 40 6 32 5
1011 101 4 1005 4 85 3 60 7
1011 101 4 1005 4 88 5 64 7
1011 101 4 1005 4 7 3 20 6
1011 101 4 1005 4 88 5 57 2
1011 101 4 1005 4 13 0 42 5
1011 101 4 1005 4 10 7 56 4
1011 101 4 1005 4 26 6 57 2
1011 101 4 1005 4 46 2 56 2
1011 101 4 1005 4 84 0 88 5
1011 101 4 1005 4 10 0 60 2
1011 101 4 1005 4 41 6 68 2
1011 101 4 1005 4 56 7 15 2
1011 101 4 1005 4 68 2 13 0
1011 101 4 1005 4 20 7 45 4
1011 101 4 1005 4 1 3 47 7
1011 101 4 1005 4 26 0 84 7
1011 101 4 1005 4 47 2 23 7
1011 101 4 1005 4 41 2 44 2
1011 101 4 1005 4 47 7 15 2
1011 101 4 1005 4 47 2 95 4
1011 101 4 1005 4 11 0 57 2
1011 101 4 1005 4 98 3 88 5
1011 101 4 1005 4 23 7 1 7
1011 101 4 1005 4 49 2 41 6
1011 101 4 1005 4 42 5 41 6
1011 101 4 1005 4 23 6 10 6
1011 101 4 1005 4 44 6 13 1
1011 101 4 1005 4 46 2 50 7
1011 101 4 1005 4 11 1 11 6
1011 101 4 1005 4 13 0 13 1
1011 101 4 1005 4 17 0 17 1
1011 101 4 1005 4 19 5 19 6
1011 101 4 1005 4 25 2 25 0
1011 101 4 1005 4 26 1 26 0
1011 101 4 1005 4 32 2 32 7
1011 101 4 1005 4 40 7 40 5
1011 101 4 1005 4 41 7 41 2
1011 101 4 1005 4 44 4 44 0
1011 101 4 1005 4 49 5 49 2
1011 101 4 1005 4 58 7 58 2
1011 101 4 1005 4 64 0 64 2
1011 101 4 1005 4 68 7 68 2
1011 101 4 1005 4 84 0 84 7
1011 101 4 1005 4 92 6 92 0
1011 101 4 1005 4 99 4 99 7
1011 101 4 1005 4 1 6 1 2
1011 101 4 1005 4 7 5 7 3
1011 101 4 1005 4 10 0 10 5
1011 101 4 1005 4 15 7 15 2
1011 101 4 1005 4 20 7 20 2
1011 101 4 1005 4 23 7 23 2
1011 101 4 1005 4 45 7 45 5
1011 101 4 1005 4 46 0 46 2
1011 101 4 1005 4 47 5 47 2
1011 101 4 1005 4 50 4 50 5
1011 101 4 1005 4 56 3 56 4
1011 101 4 1005 4 60 2 60 7
1011 101 4 1005 4 78 4 78 3
1011 101 4 1005 4 85 2 85 3
1011 101 4 1005 4 11 0 19 0
1011 101 4 1005 4 99 1 13 1
1011 101 4 1005 4 32 2 88 2
1011 101 4 1005 4 98 4 44 4
1011 101 4 1005 4 40 5 25 5
1011 101 4 1005 4 25 6 40 6
1011 101 4 1005 4 64 7 32 7
1011 101 4 1005 4 15 0 46 0
1011 101 4 1005 4 85 2 7 2
1011 101 4 1005 4 95 4 7 4
1011 101 4 1005 4 10 5 47 5
1011 101 4 1005 4 15 6 45 6
1011 101 4 1005 4 60 7 1 7
1011 101 4 1005 4 68 0 57 2
1011 101 4 1005 4 56 6 78 5
1011 101 4 1005 4 68 7 40 6
1011 101 4 1005 4 50 6 20 7
1011 101 4 1005 4 49 2 99 7
1011 101 4 1005 4 95 3 50 4
1011 101 4 1005 4 32 7 13 0
1011 101 4 1005 4 13 1 49 5
1011 101 4 1005 4 56 7 78 4
1011 101 4 1005 4 17 1 98 3
1011 101 4 1005 4 47 7 50 6
1011 101 4 1005 4 68 0 25 5
1011 101 4 1005 4 1 6 95 3
1011 101 4 1005 4 58 2 84 0
1011 101 4 1005 4 20 6 1 7
1011 101 4 1005 4 92 1 26 6
1011 101 4 1005 4 85 3 1 4
1011 101 4 1005 4 84 7 25 4
1011 101 4 1005 4 15 7 23 2
1011 101 4 1005 4 44 5 68 2
1011 101 4 1005 4 98 2 68 7
1011 101 4 1005 4 7 4 20 7
1011 101 4 1005 4 99 4 32 2
1011 101 4 1005 4 15 0 47 2
1011 101 4 1005 4 85 5 95 4
1011 101 4 1005 4 78 2 10 1
1011 101 4 1005 4 92 0 19 5
1011 101 4 1005 4 46 7 95 3
1011 101 4 1005 4 99 1 57 7
1011 101 4 1005 4 50 6 56 2
1011 101 4 1005 4 40 2 42 2
1011 101 4 1005 4 60 7 23 2
1011 101 4 1005 4 68 7 11 1
1011 101 4 1005 4 95 4 85 5
1011 101 4 1005 4 68 2 98 2
1011 101 4 1005 4 15 2 1 6
1011 101 4 1005 4 26 6 42 5
1011 101 4 1005 4 50 7 56 6
1011 101 4 1005 4 56 4 23 6
1011 101 4 1005 4 57 5 58 7
1011 101 4 1005 4 47 2 7 3
1011 101 4 1005 4 92 1 84 7
1011 101 4 1005 4 7 4 78 3
1011 101 4 1005 4 57 2 25 4
1011 101 4 1005 4 47 5 20 7
1011 101 4 1005 4 11 1 26 0
1011 101 4 1005 4 47 2 85 2
1011 101 4 1005 4 44 5 41 2
1011 101 4 1005 4 45 7 1 2
1011 101 4 1005 4 57 5 40 5
1011 101 4 1005 4 45 4 15 0
1011 101 4 1005 4 32 6 98 2
1011 101 4 1005 4 58 2 44 4
1011 101 4 1005 4 95 3 46 0
1011 101 4 1005 4 40 7 98 7
1011 101 4 1005 4 57 7 64 5
1011 101 4 1005 4 7 5 1 5
1011 101 4 1005 4 60 4 46 0
1011 101 4 1005 4 13 0 41 2
1011 101 4 1005 4 23 7 10 7
1011 101 4 1005 4 41 2 49 5
1011 101 4 1005 4 56 4 23 7
1011 101 4 1005 4 26 6 99 3
1011 101 4 1005 4 98 4 40 5
1011 101 4 1005 4 45 4 85 4
1011 101 4 1005 4 40 2 41 0
1011 101 4 1005 4 85 2 1 2
1011 101 4 1005 4 98 7 42 5
1011 101 4 1005 4 95 3 78 4
1011 101 4 1005 4 25 0 40 7
1011 101 4 1005 4 57 2 41 0
1011 101 4 1005 4 7 5 1 4
1011 101 4 1005 4 98 7 17 1
1011 101 4 1005 4 23 2 60 4
1011 101 4 1005 4 58 6 99 4
1011 101 4 1005 4 11 0 40 7
1011 101 4 1005 4 95 3 50 6
1011 101 4 1005 4 92 1 64 2
1011 101 4 1005 4 47 2 10 7
1011 101 4 1005 4 32 2 44 2
1011 101 4 1005 4 46 2 23 2
1011 101 4 1005 4 42 2 25 0
1011 101 4 1005 4 46 7 1 2
1011 101 4 1005 4 99 1 49 5
1011 101 4 1005 4 7 3 1 3
1011 101 4 1005 4 88 2 64 0
1011 101 4 1005 4 23 2 78 7
1011 101 4 1005 4 57 2 98 2
1011 101 4 1005 4 95 4 7 3
1011 101 4 1005 4 68 7 41 6
1011 101 4 1005 4 47 7 1 2
1011 101 4 1005 4 40 2 58 7
1011 101 4 1005 4 45 4 23 7
1011 101 4 1005 4 88 5 84 2
1011 101 4 1005 4 45 2 50 5
1011 101 4 1005 4 68 0 84 2
1011 101 4 1005 4 47 2 85 3
1011 101 4 1005 4 41 0 49 5
1011 101 4 1005 4 20 6 78 5
1011 101 4 1005 4 42 5 92 1
1011 101 4 1005 4 41 0 26 1
1011 101 4 1005 4 85 5 10 2
1011 101 4 1005 4 49 7 92 1
1011 101 4 1005 4 7 2 85 3
1011 101 4 1005 4 58 2 26 6
1011 101 4 1005 4 10 0 20 2
1011 101 4 1005 4 25 5 84 0
1011 101 4 1005 4 85 3 20 7
1011 101 4 1005 4 99 3 64 7
1011 101 4 1005 4 15 7 10 0
1011 101 4 1005 4 44 2 40 2
1011 101 4 1005 4 85 3 46 7
1011 101 4 1005 4 41 2 88 2
1011 101 4 1005 4 20 7 85 3
1011 101 4 1005 4 25 6 57 5
1011 101 4 1005 4 60 7 95 3
1011 101 4 1005 4 13 0 58 6
1011 101 4 1005 4 20 7 85 5
1011 101 4 1005 4 32 2 17 0
1011 101 4 1005 4 23 7 10 6
1011 101 4 1005 4 99 1 19 6
1011 101 4 1005 4 10 7 1 7
1011 101 4 1005 4 49 2 19 2
1011 101 4 1005 4 13 0 58 2
1011 101 4 1005 4 47 5 10 0
1011 101 4 1005 4 98 4 58 7
1011 101 4 1005 4 45 6 15 7
1011 101 4 1005 4 84 7 17 0
1011 101 4 1005 4 15 6 10 1
1011 101 4 1005 4 58 7 84 0
1011 101 4 1005 4 95 4 15 7
1011 101 4 1005 4 32 2 98 3
1011 101 4 1005 4 47 5 20 2
1011 101 4 1005 4 88 5 68 0
1011 101 4 1005 4 92 0 32 2
1011 101 4 1005 4 7 2 20 7
1011 101 4 1005 4 25 4 32 7
1011 101 4 1005 4 95 3 60 2
1011 101 4 1005 4 49 5 11 0
1011 101 4 1005 4 56 4 10 2
1011 101 4 1005 4 64 7 98 2
1011 101 4 1005 4 1 2 10 0
1011 101 4 1005 4 19 0 57 5
1011 101 4 1005 4 47 2 45 3
1011 101 4 1005 4 41 0 98 7
1011 101 4 1005 4 23 7 78 3
1011 101 4 1005 4 32 6 99 7
1011 101 4 1005 4 1 6 47 5
1011 101 4 1005 4 58 2 84 2
1011 101 4 1005 4 1 3 95 3
1011 101 4 1005 4 17 0 44 0
1011 101 4 1005 4 78 3 56 6
1011 101 4 1005 4 58 2 64 7
1011 101 4 1005 4 15 6 56 4
1011 101 4 1005 4 44 5 32 7
1011 101 4 1005 4 1 4 15 0
1011 101 4 1005 4 99 1 84 2
1011 101 4 1005 4 60 4 46 7
1011 101 4 1005 4 68 7 42 5
1011 101 4 1005 4 60 4 20 3
1011 101 4 1005 4 84 2 11 6
1011 101 4 1005 4 1 4 47 2
1011 101 4 1005 4 99 1 11 0
1011 101 4 1005 4 46 2 85 4
1011 101 4 1005 4 19 0 88 7
1011 101 4 1005 4 50 7 47 5
1011 101 4 1005 4 98 7 57 5
1011 101 4 1005 4 46 2 1 3
1011 101 4 1005 4 92 0 58 6
1011 101 4 1005 4 45 6 1 7
1011 101 4 1005 4 58 6 92 6
1011 101 4 1005 4 15 7 45 3
1011 101 4 1005 4 19 0 26 6
1011 101 4 1005 4 20 6 95 3
1011 101 4 1005 4 49 7 98 3
1011 101 4 1005 4 78 4 7 5
1011 101 4 1005 4 40 6 99 7
1011 101 4 1005 4 7 3 95 3
1011 101 4 1005 4 10 5 45 2
1011 101 4 1005 4 40 2 84 0
1011 101 4 1005 4 41 6 58 2
1011 101 4 1005 4 15 2 85 4
1011 101 4 1005 4 26 0 41 0
1011 101 4 1005 4 20 2 7 4
1011 101 4 1005 4 17 1 41 6
1011 101 4 1005 4 23 6 10 7
1011 101 4 1005 4 7 3 15 6
1011 101 4 1005 4 26 1 42 5
1011 101 4 1005 4 78 2 7 2
1011 101 4 1005 4 26 0 19 7
1011 101 4 1005 4 23 6 95 4
1011 101 4 1005 4 25 5 25 7
1011 101 4 1005 4 26 6 26 1
1011 101 4 1005 4 32 2 32 6
1011 101 4 1005 4 42 5 42 2
1011 101 4 1005 4 44 7 44 0
1011 101 4 1005 4 49 2 49 7
1011 101 4 1005 4 57 7 57 2
1011 101 4 1005 4 58 2 58 5
1011 101 4 1005 4 64 0 64 7
1011 101 4 1005 4 84 2 84 7
1011 101 4 1005 4 88 2 88 5
1011 101 4 1005 4 98 7 98 3
1011 101 4 1005 4 99 1 99 7
1011 101 4 1005 4 1 3 1 6
1011 101 4 1005 4 7 2 7 4
1011 101 4 1005 4 10 6 10 5
1011 101 4 1005 4 15 2 15 0
1011 101 4 1005 4 45 4 45 6
1011 101 4 1005 4 47 7 47 2
1011 101 4 1005 4 50 6 50 2
1011 101 4 1005 4 56 7 56 6
1011 101 4 1005 4 78 5 78 3
1011 101 4 1005 4 85 3 85 4
1011 101 4 1005 4 95 4 95 3
1011 101 4 1005 4 84 0 17 0
1011 101 4 1005 4 26 1 98 1
1011 101 4 1005 4 57 2 64 2
1011 101 4 1005 4 99 3 98 3
1011 101 4 1005 4 44 4 25 4
1011 101 4 1005 4 25 5 44 5
1011 101 4 1005 4 44 6 11 6
1011 101 4 1005 4 68 7 98 7
1011 101 4 1005 4 15 2 46 2
1011 101 4 1005 4 45 3 56 3
1011 101 4 1005 4 95 4 45 4
1011 101 4 1005 4 1 5 50 5
1011 101 4 1005 4 10 6 56 6
1011 101 4 1005 4 23 7 56 7
1011 101 4 1005 4 13 1 57 2
1011 101 4 1005 4 47 5 15 0
1011 101 4 1005 4 88 5 26 6
1011 101 4 1005 4 20 3 78 7
1011 101 4 1005 4 44 2 64 7
1011 101 4 1005 4 78 2 47 7
1011 101 4 1005 4 42 2 44 7
1011 101 4 1005 4 10 0 15 7
1011 101 4 1005 4 92 1 64 7
1011 101 4 1005 4 78 5 46 7
1011 101 4 1005 4 84 7 99 7
1011 101 4 1005 4 95 3 20 2
1011 101 4 1005 4 58 6 57 7
1011 101 4 1005 4 46 0 23 2
1011 101 4 1005 4 25 2 64 0
1011 101 4 1005 4 56 6 47 5
1011 101 4 1005 4 49 2 92 0
1011 101 4 1005 4 15 7 78 5
1011 101 4 1005 4 40 5 92 1
1011 101 4 1005 4 56 4 95 3
1011 101 4 1005 4 99 3 58 2
1011 101 4 1005 4 46 7 60 4
1011 101 4 1005 4 88 7 19 5
1011 101 4 1005 4 45 3 60 7
1011 101 4 1005 4 98 1 84 0
1011 101 4 1005 4 23 6 46 2
1011 101 4 1005 4 68 0 99 1
1011 101 4 1005 4 92 0 84 0
1011 101 4 1005 4 78 7 56 6
1011 101 4 1005 4 42 5 68 7
1011 101 4 1005 4 47 5 10 7
1011 101 4 1005 4 60 2 50 5
