1008 101 4 1002 4 11 6 92 0
1008 101 4 1002 4 7 3 56 6
1008 101 4 1002 4 40 7 32 6
1008 101 4 1002 4 95 3 7 4
1008 101 4 1002 4 11 0 92 1
1008 101 4 1002 4 46 7 23 7
1008 101 4 1002 4 92 0 13 0
1008 101 4 1002 4 10 0 1 3
1008 101 4 1002 4 88 7 32 2
1008 101 4 1002 4 60 4 47 5
1008 101 4 1002 4 19 2 17 1
1008 101 4 1002 4 50 6 45 3
1008 101 4 1002 4 99 1 64 0
1008 101 4 1002 4 56 4 78 3
1008 101 4 1002 4 64 2 19 0
1008 101 4 1002 4 10 0 95 4
1008 101 4 1002 4 98 3 32 7
1008 101 4 1002 4 15 0 23 7
1008 101 4 1002 4 41 7 92 0
1008 101 4 1002 4 7 4 50 2
1008 101 4 1002 4 17 1 99 3
1008 101 4 1002 4 46 0 45 4
1008 101 4 1002 4 11 0 19 7
1008 101 4 1002 4 85 2 56 7
1008 101 4 1002 4 99 2 42 2
1008 101 4 1002 4 85 4 95 3
1008 101 4 1002 4 32 7 64 7
1008 101 4 1002 4 50 2 23 6
1008 101 4 1002 4 19 5 13 0
1008 101 4 1002 4 56 6 45 6
1008 101 4 1002 4 40 5 68 2
1008 101 4 1002 4 85 2 1 4
1008 101 4 1002 4 64 7 40 7
1008 101 4 1002 4 60 2 15 2
1008 101 4 1002 4 68 7 32 7
1008 101 4 1002 4 15 7 78 5
1008 101 4 1002 4 19 6 44 0
1008 101 4 1002 4 15 6 7 4
1008 101 4 1002 4 98 7 99 3
1008 101 4 1002 4 23 6 78 4
1008 101 4 1002 4 32 5 41 6
1008 101 4 1002 4 46 7 1 3
1008 101 4 1002 4 42 5 99 3
1008 101 4 1002 4 7 5 10 2
1008 101 4 1002 4 13 0 92 0
1008 101 4 1002 4 7 3 47 2
1008 101 4 1002 4 25 5 58 2
1008 101 4 1002 4 10 7 50 6
1008 101 4 1002 4 99 2 49 5
1008 101 4 1002 4 56 2 78 5
1008 101 4 1002 4 32 5 92 0
1008 101 4 1002 4 10 6 23 2
1008 101 4 1002 4 17 0 49 7
1008 101 4 1002 4 47 5 1 4
1008 101 4 1002 4 26 6 42 5
1008 101 4 1002 4 10 6 56 7
1008 101 4 1002 4 99 2 44 2
1008 101 4 1002 4 10 0 47 7
1008 101 4 1002 4 64 5 41 0
1008 101 4 1002 4 50 6 7 3
1008 101 4 1002 4 92 0 32 7
1008 101 4 1002 4 15 0 60 2
1008 101 4 1002 4 68 2 41 0
1008 101 4 1002 4 7 4 95 4
1008 101 4 1002 4 40 2 11 6
1008 101 4 1002 4 17 0 41 2
1008 101 4 1002 4 15 7 60 7
1008 101 4 1002 4 92 6 84 0
1008 101 4 1002 4 45 4 1 6
1008 101 4 1002 4 49 5 32 7
1008 101 4 1002 4 50 5 20 3
1008 101 4 1002 4 68 7 41 2
1008 101 4 1002 4 45 2 15 2
1008 101 4 1002 4 42 5 92 6
1008 101 4 1002 4 85 4 1 3
1008 101 4 1002 4 41 7 68 0
1008 101 4 1002 4 47 7 46 7
1008 101 4 1002 4 25 7 58 7
1008 101 4 1002 4 78 2 47 7
1008 101 4 1002 4 17 1 25 0
1008 101 4 1002 4 1 4 10 7
1008 101 4 1002 4 49 6 17 0
1008 101 4 1002 4 46 0 85 5
1008 101 4 1002 4 64 5 40 5
1008 101 4 1002 4 15 7 45 4
1008 101 4 1002 4 26 6 11 6
1008 101 4 1002 4 45 7 78 3
1008 101 4 1002 4 40 2 57 7
1008 101 4 1002 4 85 2 15 2
1008 101 4 1002 4 58 5 19 7
1008 101 4 1002 4 60 4 15 7
1008 101 4 1002 4 42 5 11 0
1008 101 4 1002 4 95 4 20 3
1008 101 4 1002 4 25 5 42 2
1008 101 4 1002 4 23 2 56 2
1008 101 4 1002 4 64 0 11 0
1008 101 4 1002 4 45 5 78 7
1008 101 4 1002 4 32 2 64 5
1008 101 4 1002 4 23 2 85 5
1008 101 4 1002 4 42 2 19 5
1008 101 4 1002 4 95 4 20 6
1008 101 4 1002 4 64 7 98 1
1008 101 4 1002 4 1 7 23 6
1008 101 4 1002 4 58 2 41 7
1008 101 4 1002 4 20 3 46 7
1008 101 4 1002 4 17 1 26 6
1008 101 4 1002 4 47 7 15 2
1008 101 4 1002 4 92 6 11 0
1008 101 4 1002 4 47 5 10 0
1008 101 4 1002 4 49 2 41 6
1008 101 4 1002 4 15 0 56 2
1008 101 4 1002 4 84 7 40 2
1008 101 4 1002 4 85 4 10 7
1008 101 4 1002 4 41 2 49 2
1008 101 4 1002 4 60 7 47 7
1008 101 4 1002 4 99 1 64 5
1008 101 4 1002 4 20 7 95 4
1008 101 4 1002 4 42 5 11 6
1008 101 4 1002 4 45 7 7 2
1008 101 4 1002 4 49 5 41 7
1008 101 4 1002 4 1 7 47 7
1008 101 4 1002 4 50 7 56 6
1008 101 4 1002 4 58 5 11 1
1008 101 4 1002 4 1 7 46 2
1008 101 4 1002 4 19 7 40 2
1008 101 4 1002 4 45 7 23 2
1008 101 4 1002 4 57 7 99 3
1008 101 4 1002 4 78 2 46 2
1008 101 4 1002 4 64 2 57 7
1008 101 4 1002 4 60 7 1 4
1008 101 4 1002 4 84 2 92 6
1008 101 4 1002 4 10 5 7 2
1008 101 4 1002 4 99 7 88 2
1008 101 4 1002 4 85 4 56 3
1008 101 4 1002 4 26 6 11 0
1008 101 4 1002 4 1 5 47 7
1008 101 4 1002 4 84 7 98 2
1008 101 4 1002 4 10 7 78 5
1008 101 4 1002 4 32 2 44 7
1008 101 4 1002 4 60 4 1 6
1008 101 4 1002 4 98 7 32 5
1008 101 4 1002 4 15 7 50 4
1008 101 4 1002 4 19 0 41 6
1008 101 4 1002 4 50 4 60 4
1008 101 4 1002 4 68 2 25 6
1008 101 4 1002 4 56 7 23 7
1008 101 4 1002 4 17 0 42 2
1008 101 4 1002 4 50 5 78 7
1008 101 4 1002 4 92 6 68 2
1008 101 4 1002 4 56 4 7 2
1008 101 4 1002 4 25 7 13 0
1008 101 4 1002 4 7 3 95 3
1008 101 4 1002 4 84 0 64 7
1008 101 4 1002 4 1 4 10 6
1008 101 4 1002 4 44 5 58 6
1008 101 4 1002 4 45 3 46 0
1008 101 4 1002 4 19 2 64 5
1008 101 4 1002 4 45 5 46 7
1008 101 4 1002 4 88 7 26 6
1008 101 4 1002 4 20 2 10 1
1008 101 4 1002 4 32 2 68 7
1008 101 4 1002 4 95 3 46 7
1008 101 4 1002 4 88 2 99 7
1008 101 4 1002 4 10 7 50 4
1008 101 4 1002 4 68 2 32 6
1008 101 4 1002 4 60 4 78 2
1008 101 4 1002 4 32 2 88 7
1008 101 4 1002 4 47 7 95 3
1008 101 4 1002 4 42 5 64 5
1008 101 4 1002 4 7 4 85 5
1008 101 4 1002 4 64 7 44 7
1008 101 4 1002 4 10 5 47 7
1008 101 4 1002 4 98 7 17 1
1008 101 4 1002 4 47 5 60 4
1008 101 4 1002 4 64 5 17 0
1008 101 4 1002 4 23 6 78 5
1008 101 4 1002 4 88 2 98 2
1008 101 4 1002 4 7 4 60 2
1008 101 4 1002 4 84 7 40 5
1008 101 4 1002 4 60 7 50 4
1008 101 4 1002 4 98 1 64 0
1008 101 4 1002 4 60 2 7 4
1008 101 4 1002 4 42 2 99 4
1008 101 4 1002 4 1 7 20 6
1008 101 4 1002 4 57 7 11 1
1008 101 4 1002 4 10 0 23 6
1008 101 4 1002 4 11 1 64 7
1008 101 4 1002 4 23 6 60 4
1008 101 4 1002 4 25 0 32 2
1008 101 4 1002 4 23 6 60 2
1008 101 4 1002 4 57 2 64 2
1008 101 4 1002 4 15 6 46 2
1008 101 4 1002 4 26 1 11 0
1008 101 4 1002 4 47 2 60 2
1008 101 4 1002 4 68 7 49 6
1008 101 4 1002 4 50 4 60 2
1008 101 4 1002 4 57 2 41 6
1008 101 4 1002 4 23 2 10 0
1008 101 4 1002 4 32 7 44 4
1008 101 4 1002 4 85 5 56 2
1008 101 4 1002 4 17 1 98 2
1008 101 4 1002 4 20 6 7 4
1008 101 4 1002 4 26 6 88 5
1008 101 4 1002 4 47 2 95 3
1008 101 4 1002 4 88 2 19 2
1008 101 4 1002 4 95 4 1 5
1008 101 4 1002 4 99 4 58 6
1008 101 4 1002 4 23 6 78 2
1008 101 4 1002 4 11 6 11 0
1008 101 4 1002 4 13 1 13 0
1008 101 4 1002 4 17 1 17 0
1008 101 4 1002 4 19 7 19 2
1008 101 4 1002 4 25 2 25 7
1008 101 4 1002 4 26 1 26 6
1008 101 4 1002 4 32 5 32 7
1008 101 4 1002 4 40 5 40 7
1008 101 4 1002 4 41 7 41 2
1008 101 4 1002 4 42 5 42 2
1008 101 4 1002 4 44 0 44 5
1008 101 4 1002 4 49 2 49 7
1008 101 4 1002 4 57 7 57 5
1008 101 4 1002 4 58 2 58 5
1008 101 4 1002 4 64 2 64 7
1008 101 4 1002 4 68 2 68 0
1008 101 4 1002 4 84 2 84 7
1008 101 4 1002 4 88 7 88 5
1008 101 4 1002 4 92 0 92 6
1008 101 4 1002 4 98 1 98 3
1008 101 4 1002 4 99 2 99 7
1008 101 4 1002 4 1 5 1 7
1008 101 4 1002 4 7 2 7 4
1008 101 4 1002 4 10 5 10 6
1008 101 4 1002 4 15 7 15 2
1008 101 4 1002 4 20 6 20 2
1008 101 4 1002 4 23 7 23 6
1008 101 4 1002 4 45 7 45 4
1008 101 4 1002 4 46 2 46 7
1008 101 4 1002 4 47 7 47 2
1008 101 4 1002 4 50 6 50 4
1008 101 4 1002 4 56 6 56 4
1008 101 4 1002 4 60 2 60 4
1008 101 4 1002 4 78 5 78 2
1008 101 4 1002 4 85 2 85 4
1008 101 4 1002 4 95 3 95 4
1008 101 4 1002 4 19 0 44 0
1008 101 4 1002 4 98 1 11 1
1008 101 4 1002 4 88 2 32 2
1008 101 4 1002 4 99 3 98 3
1008 101 4 1002 4 98 4 44 4
1008 101 4 1002 4 42 5 88 5
1008 101 4 1002 4 32 6 44 6
1008 101 4 1002 4 41 7 44 7
1008 101 4 1002 4 10 0 15 0
1008 101 4 1002 4 10 1 10 1
1008 101 4 1002 4 23 2 60 2
1008 101 4 1002 4 56 3 45 3
1008 101 4 1002 4 56 4 78 4
1008 101 4 1002 4 10 5 85 5
1008 101 4 1002 4 10 6 23 6
1008 101 4 1002 4 15 7 46 7
1008 101 4 1002 4 57 7 92 0
1008 101 4 1002 4 95 4 1 3
1008 101 4 1002 4 25 7 98 4
1008 101 4 1002 4 1 6 56 4
1008 101 4 1002 4 40 2 99 3
1008 101 4 1002 4 60 2 47 7
1008 101 4 1002 4 26 1 19 2
1008 101 4 1002 4 1 4 85 5
1008 101 4 1002 4 19 0 40 5
1008 101 4 1002 4 60 4 56 2
1008 101 4 1002 4 58 5 88 2
1008 101 4 1002 4 78 4 23 6
1008 101 4 1002 4 92 1 42 2
1008 101 4 1002 4 85 2 10 2
1008 101 4 1002 4 26 1 64 7
1008 101 4 1002 4 50 4 20 7
1008 101 4 1002 4 58 6 40 7
1008 101 4 1002 4 1 4 95 4
1008 101 4 1002 4 41 0 42 5
1008 101 4 1002 4 15 7 56 2
1008 101 4 1002 4 98 7 44 7
1008 101 4 1002 4 78 4 85 2
1008 101 4 1002 4 32 5 40 2
1008 101 4 1002 4 47 2 60 7
1008 101 4 1002 4 57 7 88 5
1008 101 4 1002 4 20 7 7 3
1008 101 4 1002 4 57 7 84 0
1008 101 4 1002 4 10 1 85 3
1008 101 4 1002 4 17 0 40 6
1008 101 4 1002 4 56 4 1 2
1008 101 4 1002 4 42 5 32 2
1008 101 4 1002 4 56 3 47 5
1008 101 4 1002 4 32 5 64 7
1008 101 4 1002 4 85 3 60 4
1008 101 4 1002 4 26 0 41 7
1008 101 4 1002 4 23 2 7 5
1008 101 4 1002 4 23 2 20 3
1008 101 4 1002 4 49 2 57 7
1008 101 4 1002 4 78 3 45 6
1008 101 4 1002 4 40 5 68 0
1008 101 4 1002 4 23 6 10 1
1008 101 4 1002 4 99 2 98 2
1008 101 4 1002 4 45 6 85 2
1008 101 4 1002 4 19 2 17 0
1008 101 4 1002 4 20 6 15 7
1008 101 4 1002 4 49 5 58 2
1008 101 4 1002 4 99 3 64 2
1008 101 4 1002 4 11 6 98 4
1008 101 4 1002 4 20 2 1 3
1008 101 4 1002 4 64 7 49 6
1008 101 4 1002 4 46 0 23 2
1008 101 4 1002 4 40 2 99 4
1008 101 4 1002 4 95 3 85 5
1008 101 4 1002 4 42 5 44 2
1008 101 4 1002 4 7 4 20 2
1008 101 4 1002 4 78 5 50 2
1008 101 4 1002 4 84 0 19 0
1008 101 4 1002 4 1 6 20 6
1008 101 4 1002 4 64 7 40 6
1008 101 4 1002 4 50 5 20 6
1008 101 4 1002 4 32 7 98 4
1008 101 4 1002 4 10 5 95 3
1008 101 4 1002 4 68 0 41 6
1008 101 4 1002 4 10 2 50 6
1008 101 4 1002 4 68 2 92 1
1008 101 4 1002 4 60 2 45 7
1008 101 4 1002 4 42 2 98 1
1008 101 4 1002 4 57 5 25 6
1008 101 4 1002 4 15 0 85 5
1008 101 4 1002 4 68 2 42 2
1008 101 4 1002 4 47 2 1 5
1008 101 4 1002 4 84 0 40 5
1008 101 4 1002 4 15 0 56 3
1008 101 4 1002 4 99 7 68 0
1008 101 4 1002 4 20 3 50 4
1008 101 4 1002 4 64 0 92 1
1008 101 4 1002 4 20 3 50 6
1008 101 4 1002 4 84 2 42 2
1008 101 4 1002 4 45 7 60 7
1008 101 4 1002 4 42 5 98 1
1008 101 4 1002 4 46 2 85 2
1008 101 4 1002 4 25 4 68 0
1008 101 4 1002 4 95 3 10 2
1008 101 4 1002 4 84 0 44 2
1008 101 4 1002 4 7 5 20 7
1008 101 4 1002 4 32 6 19 5
1008 101 4 1002 4 95 3 78 4
1008 101 4 1002 4 58 6 32 6
1008 101 4 1002 4 15 2 60 7
1008 101 4 1002 4 49 6 92 6
1008 101 4 1002 4 45 6 23 2
1008 101 4 1002 4 92 0 88 5
1008 101 4 1002 4 45 5 46 0
1008 101 4 1002 4 44 7 49 7
1008 101 4 1002 4 95 4 50 2
1008 101 4 1002 4 40 2 19 0
1008 101 4 1002 4 32 7 64 5
1008 101 4 1002 4 45 6 23 6
1008 101 4 1002 4 68 0 41 7
1008 101 4 1002 4 57 2 25 5
1008 101 4 1002 4 45 4 20 2
1008 101 4 1002 4 84 7 42 2
1008 101 4 1002 4 60 7 95 3
1008 101 4 1002 4 10 7 15 0
1008 101 4 1002 4 92 0 64 2
1008 101 4 1002 4 25 6 57 7
1008 101 4 1002 4 47 5 20 3
1008 101 4 1002 4 42 5 40 7
1008 101 4 1002 4 85 4 95 4
1008 101 4 1002 4 40 2 41 0
1008 101 4 1002 4 20 6 78 5
1008 101 4 1002 4 41 6 26 0
1008 101 4 1002 4 85 4 50 7
1008 101 4 1002 4 41 0 44 5
1008 101 4 1002 4 23 7 95 4
1008 101 4 1002 4 57 2 26 0
1008 101 4 1002 4 46 7 45 2
1008 101 4 1002 4 44 7 58 2
1008 101 4 1002 4 46 7 45 6
1008 101 4 1002 4 88 7 68 7
1008 101 4 1002 4 46 0 7 4
1008 101 4 1002 4 58 5 19 2
1008 101 4 1002 4 47 7 78 7
1008 101 4 1002 4 98 7 19 0
1008 101 4 1002 4 46 2 47 5
1008 101 4 1002 4 32 6 41 6
1008 101 4 1002 4 60 4 56 6
1008 101 4 1002 4 13 1 92 1
1008 101 4 1002 4 50 4 23 2
1008 101 4 1002 4 13 1 58 7
1008 101 4 1002 4 60 4 7 5
1008 101 4 1002 4 40 6 64 5
1008 101 4 1002 4 60 2 7 3
1008 101 4 1002 4 26 1 99 2
1008 101 4 1002 4 47 7 85 5
1008 101 4 1002 4 11 0 40 5
1008 101 4 1002 4 45 7 1 5
1008 101 4 1002 4 84 7 11 6
1008 101 4 1002 4 49 5 99 2
1008 101 4 1002 4 50 2 1 6
1008 101 4 1002 4 11 0 26 0
1008 101 4 1002 4 47 5 45 6
1008 101 4 1002 4 26 0 11 6
1008 101 4 1002 4 78 2 45 7
1008 101 4 1002 4 57 7 42 2
1008 101 4 1002 4 46 7 78 7
1008 101 4 1002 4 64 5 26 1
1008 101 4 1002 4 64 0 25 4
1008 101 4 1002 4 78 3 60 2
1008 101 4 1002 4 46 2 15 6
1008 101 4 1002 4 58 6 40 5
1008 101 4 1002 4 56 4 23 2
1008 101 4 1002 4 32 7 17 1
1008 101 4 1002 4 20 7 7 4
1008 101 4 1002 4 84 7 68 7
1008 101 4 1002 4 7 3 50 2
1008 101 4 1002 4 99 4 26 6
1008 101 4 1002 4 85 4 20 6
1008 101 4 1002 4 99 1 57 2
1008 101 4 1002 4 78 5 45 7
1008 101 4 1002 4 40 7 41 6
1008 101 4 1002 4 95 4 85 2
1008 101 4 1002 4 44 6 92 1
1008 101 4 1002 4 60 7 85 3
1008 101 4 1002 4 13 0 64 0
1008 101 4 1002 4 1 3 60 2
1008 101 4 1002 4 11 0 98 7
1008 101 4 1002 4 60 4 85 3
1008 101 4 1002 4 98 4 64 2
1008 101 4 1002 4 46 7 85 5
1008 101 4 1002 4 19 6 84 2
1008 101 4 1002 4 78 2 7 5
1008 101 4 1002 4 13 1 40 7
1008 101 4 1002 4 60 7 15 2
1008 101 4 1002 4 25 4 49 5
1008 101 4 1002 4 11 1 26 0
1008 101 4 1002 4 78 3 56 4
1008 101 4 1002 4 68 7 42 5
1008 101 4 1002 4 95 3 60 7
1008 101 4 1002 4 17 1 42 2
1008 101 4 1002 4 78 5 46 0
1008 101 4 1002 4 11 1 58 2
1008 101 4 1002 4 78 2 47 5
1008 101 4 1002 4 58 6 57 2
1008 101 4 1002 4 20 2 56 3
1008 101 4 1002 4 99 3 25 5
1008 101 4 1002 4 50 7 60 7
1008 101 4 1002 4 64 7 49 2
1008 101 4 1002 4 1 4 7 5
1008 101 4 1002 4 32 7 19 5
1008 101 4 1002 4 95 4 7 2
1008 101 4 1002 4 98 3 40 6
1008 101 4 1002 4 95 4 23 2
1008 101 4 1002 4 68 7 42 2
1008 101 4 1002 4 56 4 23 7
1008 101 4 1002 4 19 0 19 7
1008 101 4 1002 4 25 4 25 5
1008 101 4 1002 4 26 6 26 0
1008 101 4 1002 4 32 6 32 2
1008 101 4 1002 4 40 7 40 2
1008 101 4 1002 4 42 2 42 5
1008 101 4 1002 4 44 7 44 2
1008 101 4 1002 4 49 7 49 6
1008 101 4 1002 4 57 7 57 2
1008 101 4 1002 4 58 6 58 7
1008 101 4 1002 4 64 2 64 0
1008 101 4 1002 4 68 7 68 0
1008 101 4 1002 4 84 7 84 0
1008 101 4 1002 4 92 0 92 1
1008 101 4 1002 4 99 2 99 4
1008 101 4 1002 4 1 5 1 2
1008 101 4 1002 4 7 3 7 4
1008 101 4 1002 4 10 7 10 2
1008 101 4 1002 4 15 0 15 2
1008 101 4 1002 4 20 7 20 3
1008 101 4 1002 4 23 2 23 7
1008 101 4 1002 4 45 3 45 7
1008 101 4 1002 4 46 7 46 2
1008 101 4 1002 4 50 7 50 5
1008 101 4 1002 4 56 7 56 4
1008 101 4 1002 4 78 4 78 5
1008 101 4 1002 4 85 5 85 2
1008 101 4 1002 4 95 4 95 3
1008 101 4 1002 4 41 0 44 0
1008 101 4 1002 4 11 1 17 1
1008 101 4 1002 4 98 3 99 3
1008 101 4 1002 4 98 4 25 4
1008 101 4 1002 4 49 5 64 5
1008 101 4 1002 4 58 6 49 6
1008 101 4 1002 4 64 7 25 7
1008 101 4 1002 4 46 0 10 0
1008 101 4 1002 4 47 2 85 2
1008 101 4 1002 4 1 3 56 3
1008 101 4 1002 4 50 4 95 4
1008 101 4 1002 4 7 5 1 5
1008 101 4 1002 4 15 6 20 6
1008 101 4 1002 4 60 7 23 7
1008 101 4 1002 4 40 5 84 7
1008 101 4 1002 4 10 6 7 2
1008 101 4 1002 4 32 5 13 1
1008 101 4 1002 4 58 2 57 5
1008 101 4 1002 4 20 6 15 2
1008 101 4 1002 4 98 7 64 5
1008 101 4 1002 4 1 5 78 2
1008 101 4 1002 4 26 0 58 2
1008 101 4 1002 4 60 2 47 5
1008 101 4 1002 4 88 2 26 0
1008 101 4 1002 4 7 2 45 3
1008 101 4 1002 4 26 6 64 2
1008 101 4 1002 4 7 2 15 2
1008 101 4 1002 4 26 0 44 4
1008 101 4 1002 4 10 5 20 6
1008 101 4 1002 4 40 7 41 7
1008 101 4 1002 4 20 7 85 5
1008 101 4 1002 4 49 5 40 5
1008 101 4 1002 4 20 7 85 2
1008 101 4 1002 4 68 2 26 1
1008 101 4 1002 4 45 2 60 4
1008 101 4 1002 4 44 5 58 7
1008 101 4 1002 4 20 2 50 4
1008 101 4 1002 4 98 7 17 0
1008 101 4 1002 4 46 2 23 2
1008 101 4 1002 4 58 5 25 0
1008 101 4 1002 4 46 2 95 4
1008 101 4 1002 4 19 2 44 0
1008 101 4 1002 4 50 6 85 3
1008 101 4 1002 4 32 5 84 7
1008 101 4 1002 4 15 7 95 3
1008 101 4 1002 4 49 2 17 1
1008 101 4 1002 4 60 7 56 6
1008 101 4 1002 4 25 0 58 6
1008 101 4 1002 4 45 4 85 4
1008 101 4 1002 4 11 1 58 7
1008 101 4 1002 4 68 0 42 5
1008 101 4 1002 4 20 7 10 2
1008 101 4 1002 4 25 4 68 2
1008 101 4 1002 4 20 3 1 4
1008 101 4 1002 4 99 4 26 1
1008 101 4 1002 4 85 4 23 7
1008 101 4 1002 4 19 5 98 7
1008 101 4 1002 4 7 2 60 7
1008 101 4 1002 4 10 7 20 3
1008 101 4 1002 4 99 4 58 2
1008 101 4 1002 4 60 4 10 0
1008 101 4 1002 4 49 2 58 2
1008 101 4 1002 4 41 7 88 2
1008 101 4 1002 4 46 0 45 5
1008 101 4 1002 4 68 2 11 1
1008 101 4 1002 4 46 0 15 2
1008 101 4 1002 4 26 1 19 7
1008 101 4 1002 4 10 5 23 6
1008 101 4 1002 4 41 7 84 7
1008 101 4 1002 4 50 5 10 5
1008 101 4 1002 4 58 5 57 5
1008 101 4 1002 4 15 7 50 7
1008 101 4 1002 4 32 6 40 6
1008 101 4 1002 4 32 5 92 6
1008 101 4 1002 4 56 6 23 7
1008 101 4 1002 4 44 7 57 7
1008 101 4 1002 4 56 6 45 3
1008 101 4 1002 4 58 7 26 1
1008 101 4 1002 4 50 5 60 7
1008 101 4 1002 4 92 6 19 6
1008 101 4 1002 4 56 7 15 6
1008 101 4 1002 4 92 0 19 6
1008 101 4 1002 4 50 5 47 7
1008 101 4 1002 4 42 2 26 6
1008 101 4 1002 4 20 2 85 4
1008 101 4 1002 4 88 2 41 7
1008 101 4 1002 4 78 4 1 2
1008 101 4 1002 4 17 0 19 6
1008 101 4 1002 4 47 2 46 7
1008 101 4 1002 4 25 7 42 2
1008 101 4 1002 4 10 1 60 7
1008 101 4 1002 4 41 6 13 0
1008 101 4 1002 4 45 3 95 3
1008 101 4 1002 4 41 7 64 2
1008 101 4 1002 4 50 5 85 3
1008 101 4 1002 4 88 2 98 1
1008 101 4 1002 4 78 5 47 7
1008 101 4 1002 4 64 0 99 4
1008 101 4 1002 4 56 7 20 3
1008 101 4 1002 4 68 2 42 5
1008 101 4 1002 4 60 4 56 7
1008 101 4 1002 4 49 7 40 6
1008 101 4 1002 4 7 4 15 2
1008 101 4 1002 4 25 0 88 5
1008 101 4 1002 4 46 0 50 5
1008 101 4 1002 4 42 2 49 6
1008 101 4 1002 4 7 3 23 6
1008 101 4 1002 4 84 7 44 5
1008 101 4 1002 4 20 7 47 7
1008 101 4 1002 4 11 0 99 2
1008 101 4 1002 4 23 7 10 6
1008 101 4 1002 4 85 2 47 2
1008 101 4 1002 4 88 2 44 7
1008 101 4 1002 4 56 6 20 6
1008 101 4 1002 4 44 4 88 7
1008 101 4 1002 4 56 2 15 7
1008 101 4 1002 4 25 6 40 6
1008 101 4 1002 4 78 5 23 6
1008 101 4 1002 4 98 4 25 2
1008 101 4 1002 4 46 2 60 2
1008 101 4 1002 4 98 4 92 6
1008 101 4 1002 4 20 6 60 2
1008 101 4 1002 4 26 1 68 0
1008 101 4 1002 4 26 6 13 1
1008 101 4 1002 4 60 4 20 7
1008 101 4 1002 4 42 5 84 7
1008 101 4 1002 4 56 3 1 3
1008 101 4 1002 4 57 2 11 0
1008 101 4 1002 4 49 6 32 5
1008 101 4 1002 4 85 2 1 5
1008 101 4 1002 4 49 7 64 2
1008 101 4 1002 4 78 7 45 5
1008 101 4 1002 4 49 6 26 0
1008 101 4 1002 4 23 7 45 7
1008 101 4 1002 4 64 5 26 0
1008 101 4 1002 4 78 5 50 4
1008 101 4 1002 4 68 0 11 1
1008 101 4 1002 4 23 2 95 4
1008 101 4 1002 4 11 1 26 1
1008 101 4 1002 4 60 7 20 7
1008 101 4 1002 4 19 6 68 0
1008 101 4 1002 4 56 7 45 4
1008 101 4 1002 4 26 1 32 5
1008 101 4 1002 4 20 7 1 5
1008 101 4 1002 4 26 0 11 0
1008 101 4 1002 4 11 0 57 7
1008 101 4 1002 4 45 6 85 5
1008 101 4 1002 4 92 6 57 5
1008 101 4 1002 4 1 3 7 4
1008 101 4 1002 4 98 2 19 2
1008 101 4 1002 4 10 7 56 6
1008 101 4 1002 4 98 1 17 1
1008 101 4 1002 4 78 2 20 7
1008 101 4 1002 4 57 5 68 2
1008 101 4 1002 4 23 6 15 6
1008 101 4 1002 4 32 6 68 7
1008 101 4 1002 4 20 6 85 4
1008 101 4 1002 4 32 7 92 1
1008 101 4 1002 4 7 5 47 2
1008 101 4 1002 4 26 6 17 0
1008 101 4 1002 4 47 7 20 6
1008 101 4 1002 4 17 0 57 2
1008 101 4 1002 4 1 4 50 5
1008 101 4 1002 4 88 2 13 0
1008 101 4 1002 4 15 6 1 2
1008 101 4 1002 4 88 2 11 1
1008 101 4 1002 4 1 7 50 4
1008 101 4 1002 4 68 7 92 0
1008 101 4 1002 4 60 2 23 6
1008 101 4 1002 4 64 5 44 0
1008 101 4 1002 4 92 1 57 5
1008 101 4 1002 4 88 7 42 5
1008 101 4 1002 4 56 3 46 2
1008 101 4 1002 4 19 7 41 7
1008 101 4 1002 4 20 6 95 3
1008 101 4 1002 4 32 7 98 7
1008 101 4 1002 4 95 3 7 2
1008 101 4 1002 4 41 7 11 1
1008 101 4 1002 4 46 0 10 7
1008 101 4 1002 4 49 6 11 1
1008 101 4 1002 4 56 3 20 7
1008 101 4 1002 4 84 0 99 3
1008 101 4 1002 4 23 6 95 4
1008 101 4 1002 4 19 7 44 5
1008 101 4 1002 4 85 3 50 4
1008 101 4 1002 4 15 7 78 3
1008 101 4 1002 4 64 7 99 4
1008 101 4 1002 4 60 4 15 0
1008 101 4 1002 4 98 7 11 6
1008 101 4 1002 4 23 7 56 2
1008 101 4 1002 4 26 0 92 1
1008 101 4 1002 4 45 2 47 2
1008 101 4 1002 4 19 0 88 5
1008 101 4 1002 4 60 7 95 4
1008 101 4 1002 4 64 2 26 6
1008 101 4 1002 4 95 4 85 5
1008 101 4 1002 4 32 7 40 6
1008 101 4 1002 4 56 6 78 3
1008 101 4 1002 4 88 7 92 0
1008 101 4 1002 4 1 6 15 2
1008 101 4 1002 4 98 1 99 7
1008 101 4 1002 4 10 2 50 5
1008 101 4 1002 4 26 6 57 7
1008 101 4 1002 4 10 7 47 2
1008 101 4 1002 4 40 6 84 0
1008 101 4 1002 4 7 3 10 0
1008 101 4 1002 4 49 2 92 6
1008 101 4 1002 4 45 4 1 3
1008 101 4 1002 4 41 6 99 7
1008 101 4 1002 4 15 2 78 2
1008 101 4 1002 4 57 5 41 7
1008 101 4 1002 4 46 2 50 2
1008 101 4 1002 4 13 0 13 1
1008 101 4 1002 4 17 0 17 1
1008 101 4 1002 4 19 0 19 2
1008 101 4 1002 4 25 7 25 0
1008 101 4 1002 4 26 6 26 1
1008 101 4 1002 4 32 2 32 6
1008 101 4 1002 4 41 6 41 7
1008 101 4 1002 4 44 7 44 0
1008 101 4 1002 4 49 6 49 7
1008 101 4 1002 4 57 2 57 7
1008 101 4 1002 4 58 5 58 2
1008 101 4 1002 4 64 7 64 2
1008 101 4 1002 4 68 7 68 2
1008 101 4 1002 4 88 5 88 7
1008 101 4 1002 4 92 6 92 0
1008 101 4 1002 4 98 2 98 1
1008 101 4 1002 4 99 7 99 4
1008 101 4 1002 4 1 3 1 4
1008 101 4 1002 4 7 4 7 5
1008 101 4 1002 4 20 3 20 6
1008 101 4 1002 4 45 2 45 5
1008 101 4 1002 4 50 7 50 2
1008 101 4 1002 4 56 4 56 2
1008 101 4 1002 4 60 4 60 2
1008 101 4 1002 4 78 7 78 5
1008 101 4 1002 4 85 3 85 4
1008 101 4 1002 4 19 0 17 0
1008 101 4 1002 4 98 1 13 1
1008 101 4 1002 4 68 2 44 2
1008 101 4 1002 4 44 4 98 4
1008 101 4 1002 4 26 6 40 6
1008 101 4 1002 4 49 7 32 7
1008 101 4 1002 4 56 2 47 2
1008 101 4 1002 4 85 3 95 3
1008 101 4 1002 4 78 4 95 4
1008 101 4 1002 4 10 5 78 5
1008 101 4 1002 4 10 6 1 6
1008 101 4 1002 4 20 7 45 7
1008 101 4 1002 4 42 2 19 0
1008 101 4 1002 4 23 2 1 4
1008 101 4 1002 4 44 0 68 0
1008 101 4 1002 4 56 7 7 2
1008 101 4 1002 4 98 2 32 5
1008 101 4 1002 4 95 3 23 6
1008 101 4 1002 4 10 7 50 5
1008 101 4 1002 4 68 2 13 0
1008 101 4 1002 4 64 7 19 6
1008 101 4 1002 4 7 3 15 7
1008 101 4 1002 4 41 2 58 7
1008 101 4 1002 4 20 3 10 1
1008 101 4 1002 4 26 1 88 5
1008 101 4 1002 4 20 6 23 2
1008 101 4 1002 4 41 2 32 2
1008 101 4 1002 4 20 2 47 7
1008 101 4 1002 4 13 0 92 1
1008 101 4 1002 4 19 2 98 3
1008 101 4 1002 4 85 2 60 2
1008 101 4 1002 4 11 1 99 1
1008 101 4 1002 4 64 7 19 0
1008 101 4 1002 4 78 7 56 7
1008 101 4 1002 4 41 7 25 7
1008 101 4 1002 4 15 0 46 7
1008 101 4 1002 4 84 2 58 6
1008 101 4 1002 4 15 6 46 0
1008 101 4 1002 4 57 7 40 2
1008 101 4 1002 4 46 7 7 3
1008 101 4 1002 4 40 5 98 4
1008 101 4 1002 4 15 0 7 3
1008 101 4 1002 4 17 1 11 1
1008 101 4 1002 4 15 0 78 2
1008 101 4 1002 4 99 7 92 6
1008 101 4 1002 4 23 7 46 2
1008 101 4 1002 4 13 0 19 6
1008 101 4 1002 4 85 4 10 0
1008 101 4 1002 4 57 2 44 4
1008 101 4 1002 4 20 3 85 4
1008 101 4 1002 4 13 1 64 2
1008 101 4 1002 4 78 7 46 0
1008 101 4 1002 4 32 7 68 7
1008 101 4 1002 4 49 7 13 0
1008 101 4 1002 4 20 6 78 4
1008 101 4 1002 4 92 0 57 7
1008 101 4 1002 4 85 3 46 2
1008 101 4 1002 4 13 0 26 0
1008 101 4 1002 4 46 7 85 4
1008 101 4 1002 4 92 0 41 6
1008 101 4 1002 4 85 2 1 2
1008 101 4 1002 4 84 0 42 2
1008 101 4 1002 4 15 6 56 2
1008 101 4 1002 4 64 2 11 0
1008 101 4 1002 4 47 5 45 2
1008 101 4 1002 4 92 6 68 0
1008 101 4 1002 4 45 6 60 7
1008 101 4 1002 4 92 0 26 1
1008 101 4 1002 4 7 2 56 2
1008 101 4 1002 4 13 0 25 5
1008 101 4 1002 4 78 4 23 7
1008 101 4 1002 4 49 2 40 5
1008 101 4 1002 4 60 2 95 4
1008 101 4 1002 4 49 5 32 5
1008 101 4 1002 4 15 0 47 7
1008 101 4 1002 4 88 2 19 7
1008 101 4 1002 4 60 4 7 3
1008 101 4 1002 4 68 2 92 6
1008 101 4 1002 4 25 5 26 0
1008 101 4 1002 4 1 2 85 5
1008 101 4 1002 4 26 1 57 5
1008 101 4 1002 4 40 7 32 5
1008 101 4 1002 4 7 2 85 2
1008 101 4 1002 4 44 6 57 5
1008 101 4 1002 4 56 7 10 1
1008 101 4 1002 4 78 7 23 7
1008 101 4 1002 4 42 2 19 6
1008 101 4 1002 4 1 3 15 0
1008 101 4 1002 4 17 1 64 0
1008 101 4 1002 4 45 7 1 6
1008 101 4 1002 4 99 1 44 4
1008 101 4 1002 4 7 3 47 5
1008 101 4 1002 4 64 2 40 6
1008 101 4 1002 4 7 5 46 2
1008 101 4 1002 4 41 7 57 7
1008 101 4 1002 4 20 7 60 7
1008 101 4 1002 4 44 2 68 0
1008 101 4 1002 4 50 5 56 6
1008 101 4 1002 4 58 2 19 5
1008 101 4 1002 4 23 7 15 2
1008 101 4 1002 4 84 2 13 1
1008 101 4 1002 4 7 5 47 5
1008 101 4 1002 4 40 2 32 5
1008 101 4 1002 4 47 7 56 7
1008 101 4 1002 4 44 4 11 0
1008 101 4 1002 4 1 2 78 5
1008 101 4 1002 4 40 6 68 7
1008 101 4 1002 4 78 4 46 2
1008 101 4 1002 4 44 5 99 1
1008 101 4 1002 4 41 0 17 1
1008 101 4 1002 4 60 7 46 7
1008 101 4 1002 4 42 5 49 2
1008 101 4 1002 4 95 4 46 2
1008 101 4 1002 4 40 2 58 2
1008 101 4 1002 4 46 7 47 5
1008 101 4 1002 4 26 1 40 5
1008 101 4 1002 4 45 5 56 3
1008 101 4 1002 4 98 4 17 0
1008 101 4 1002 4 60 2 45 4
1008 101 4 1002 4 11 6 17 0
1008 101 4 1002 4 23 6 47 2
1008 101 4 1002 4 17 0 25 0
1008 101 4 1002 4 88 7 13 1
1008 101 4 1002 4 85 5 23 2
1008 101 4 1002 4 41 2 57 5
1008 101 4 1002 4 15 0 1 6
1008 101 4 1002 4 49 5 64 2
1008 101 4 1002 4 15 0 20 2
1008 101 4 1002 4 44 5 64 5
1008 101 4 1002 4 7 3 56 7
1008 101 4 1002 4 44 4 64 2
1008 101 4 1002 4 78 7 23 2
1008 101 4 1002 4 13 0 41 2
1008 101 4 1002 4 15 2 46 7
1008 101 4 1002 4 25 6 41 7
1008 101 4 1002 4 46 2 78 7
1008 101 4 1002 4 11 6 88 7
1008 101 4 1002 4 46 7 20 7
1008 101 4 1002 4 49 2 84 2
1008 101 4 1002 4 57 7 58 2
1008 101 4 1002 4 78 5 10 2
1008 101 4 1002 4 58 7 40 2
1008 101 4 1002 4 56 6 85 2
1008 101 4 1002 4 44 6 68 7
1008 101 4 1002 4 95 4 85 3
1008 101 4 1002 4 92 1 11 0
1008 101 4 1002 4 60 2 56 4
1008 101 4 1002 4 92 6 41 0
1008 101 4 1002 4 15 0 46 0
1008 101 4 1002 4 88 2 58 7
1008 101 4 1002 4 56 2 95 3
1008 101 4 1002 4 84 2 64 5
1008 101 4 1002 4 45 2 23 2
1008 101 4 1002 4 19 7 26 6
1008 101 4 1002 4 56 7 46 0
1008 101 4 1002 4 68 2 88 5
1008 101 4 1002 4 78 3 1 3
1008 101 4 1002 4 57 5 26 0
1008 101 4 1002 4 85 2 56 3
1008 101 4 1002 4 13 0 58 6
1008 101 4 1002 4 11 0 68 7
1008 101 4 1002 4 60 4 78 5
1008 101 4 1002 4 84 2 41 0
1008 101 4 1002 4 20 3 23 6
1008 101 4 1002 4 84 2 64 7
1008 101 4 1002 4 15 0 1 7
1008 101 4 1002 4 32 6 17 0
1008 101 4 1002 4 46 2 20 6
1008 101 4 1002 4 99 4 19 5
1008 101 4 1002 4 85 3 45 2
1008 101 4 1002 4 32 2 57 2
1008 101 4 1002 4 41 7 44 4
1008 101 4 1002 4 47 5 15 2
1008 101 4 1002 4 88 2 40 2
1008 101 4 1002 4 85 5 45 2
1008 101 4 1002 4 40 6 64 0
1008 101 4 1002 4 47 2 15 2
1008 101 4 1002 4 41 6 58 6
1008 101 4 1002 4 85 4 10 5
1008 101 4 1002 4 44 5 99 3
1008 101 4 1002 4 60 4 78 3
1008 101 4 1002 4 99 2 58 6
1008 101 4 1002 4 47 2 95 4
1008 101 4 1002 4 49 6 57 2
1008 101 4 1002 4 7 3 10 2
1008 101 4 1002 4 11 6 98 3
1008 101 4 1002 4 56 2 20 2
1008 101 4 1002 4 49 2 88 5
1008 101 4 1002 4 50 7 60 4
1008 101 4 1002 4 11 0 41 7
1008 101 4 1002 4 10 0 85 2
1008 101 4 1002 4 84 7 98 7
1008 101 4 1002 4 47 7 85 2
1008 101 4 1002 4 19 2 98 7
1008 101 4 1002 4 78 4 50 2
1008 101 4 1002 4 98 7 49 6
1008 101 4 1002 4 95 4 78 3
1008 101 4 1002 4 41 7 88 7
1008 101 4 1002 4 15 6 1 4
1008 101 4 1002 4 58 6 41 6
1008 101 4 1002 4 78 3 85 3
1008 101 4 1002 4 13 0 57 5
1008 101 4 1002 4 20 6 45 3
1008 101 4 1002 4 84 2 41 7
1008 101 4 1002 4 1 7 15 6
1008 101 4 1002 4 57 2 25 7
1008 101 4 1002 4 23 6 45 4
1008 101 4 1002 4 11 0 11 1
1008 101 4 1002 4 19 2 19 7
1008 101 4 1002 4 25 5 25 0
1008 101 4 1002 4 26 1 26 0
1008 101 4 1002 4 32 7 32 2
1008 101 4 1002 4 40 2 40 7
1008 101 4 1002 4 41 2 41 7
1008 101 4 1002 4 44 6 44 7
1008 101 4 1002 4 49 6 49 2
1008 101 4 1002 4 57 5 57 2
1008 101 4 1002 4 58 5 58 6
1008 101 4 1002 4 64 0 64 5
1008 101 4 1002 4 84 0 84 2
1008 101 4 1002 4 88 5 88 2
1008 101 4 1002 4 98 7 98 2
1008 101 4 1002 4 99 3 99 2
1008 101 4 1002 4 1 2 1 7
1008 101 4 1002 4 7 4 7 3
1008 101 4 1002 4 10 0 10 1
1008 101 4 1002 4 15 6 15 2
1008 101 4 1002 4 20 2 20 7
1008 101 4 1002 4 23 6 23 7
1008 101 4 1002 4 45 7 45 6
1008 101 4 1002 4 46 7 46 0
1008 101 4 1002 4 47 2 47 5
1008 101 4 1002 4 50 6 50 2
1008 101 4 1002 4 56 4 56 7
1008 101 4 1002 4 60 4 60 7
1008 101 4 1002 4 78 5 78 3
1008 101 4 1002 4 13 0 25 0
1008 101 4 1002 4 98 1 99 1
1008 101 4 1002 4 57 2 98 2
1008 101 4 1002 4 40 5 49 5
1008 101 4 1002 4 44 6 49 6
1008 101 4 1002 4 46 0 15 0
1008 101 4 1002 4 46 2 7 2
1008 101 4 1002 4 95 3 78 3
1008 101 4 1002 4 60 4 50 4
1008 101 4 1002 4 1 5 47 5
1008 101 4 1002 4 50 6 56 6
1008 101 4 1002 4 19 2 13 1
1008 101 4 1002 4 1 4 47 5
1008 101 4 1002 4 15 6 20 7
1008 101 4 1002 4 25 2 68 7
1008 101 4 1002 4 1 6 95 3
1008 101 4 1002 4 41 7 26 6
1008 101 4 1002 4 23 7 10 5
1008 101 4 1002 4 68 7 64 5
1008 101 4 1002 4 7 3 23 7
1008 101 4 1002 4 64 0 40 2
1008 101 4 1002 4 46 7 85 3
1008 101 4 1002 4 58 6 84 7
1008 101 4 1002 4 49 2 11 1
1008 101 4 1002 4 85 5 60 7
1008 101 4 1002 4 88 7 98 3
1008 101 4 1002 4 20 6 56 6
1008 101 4 1002 4 68 0 49 2
1008 101 4 1002 4 46 0 1 2
1008 101 4 1002 4 64 7 26 0
1008 101 4 1002 4 7 3 50 6
1008 101 4 1002 4 44 0 68 2
1008 101 4 1002 4 95 3 45 2
1008 101 4 1002 4 15 7 60 2
1008 101 4 1002 4 40 5 57 2
1008 101 4 1002 4 49 6 68 2
1008 101 4 1002 4 85 3 60 7
1008 101 4 1002 4 57 5 92 1
1008 101 4 1002 4 20 6 85 5
1008 101 4 1002 4 84 2 99 2
1008 101 4 1002 4 78 7 10 2
1008 101 4 1002 4 57 5 26 6
1008 101 4 1002 4 47 2 45 3
