1006 10016 4 25 0 42 5 84 0
1006 10016 4 20 7 1 2 23 6
1006 10016 4 87 0 81 0 48 2
1006 10016 4 64 0 98 2 40 2
1006 10016 4 46 2 7 3 10 0
1006 10016 4 38 4 70 4 55 2
1006 10016 4 57 5 42 5 68 0
1006 10016 4 50 2 60 2 15 6
1006 10016 4 61 3 38 2 16 4
1006 10016 4 41 2 68 0 57 7
1006 10016 4 7 5 47 7 56 4
1006 10016 4 65 4 71 4 16 2
1006 10016 4 84 0 32 5 88 2
1006 10016 4 46 7 78 4 60 4
1006 10016 4 38 7 9 2 73 7
1006 10016 4 88 7 84 0 40 5
1006 10016 4 85 2 23 2 47 2
1006 10016 4 71 4 61 7 48 4
1006 10016 4 58 7 64 0 17 0
1006 10016 4 7 4 1 7 56 4
1006 10016 4 87 5 9 4 73 7
1006 10016 4 42 2 58 7 32 5
1006 10016 4 23 6 1 2 15 6
1006 10016 4 9 7 70 4 48 4
1006 10016 4 57 5 13 1 92 6
1006 10016 4 45 4 15 7 20 2
1006 10016 4 55 2 9 4 87 0
1006 10016 4 57 7 11 1 40 7
1006 10016 4 95 4 23 2 50 2
1006 10016 4 71 4 73 2 48 7
1006 10016 4 25 4 44 7 17 1
1006 10016 4 78 4 60 7 47 5
1006 10016 4 71 4 87 2 52 2
1006 10016 4 26 1 41 6 84 0
1006 10016 4 7 3 50 2 85 5
1006 10016 4 65 3 48 4 52 2
1006 10016 4 58 2 11 0 41 6
1006 10016 4 15 2 95 3 85 3
1006 10016 4 16 2 48 2 55 7
1006 10016 4 68 7 26 6 98 7
1006 10016 4 56 3 50 2 20 6
1006 10016 4 94 4 87 7 16 2
1006 10016 4 88 7 19 2 40 5
1006 10016 4 20 7 1 4 15 6
1006 10016 4 81 6 65 3 71 4
1006 10016 4 99 7 57 2 42 5
1006 10016 4 23 6 15 6 56 2
1006 10016 4 65 3 16 7 53 7
1006 10016 4 92 0 40 2 41 2
1006 10016 4 15 6 60 4 85 2
1006 10016 4 71 4 55 3 53 7
1006 10016 4 64 5 92 1 57 7
1006 10016 4 45 2 56 3 10 0
1006 10016 4 16 5 53 2 55 7
1006 10016 4 26 0 84 2 41 6
1006 10016 4 85 3 7 5 47 5
1006 10016 4 9 7 52 7 48 2
1006 10016 4 57 5 44 5 41 0
1006 10016 4 20 2 56 7 60 7
1006 10016 4 48 2 55 7 65 4
1006 10016 4 17 0 42 2 25 6
1006 10016 4 56 2 45 5 23 7
1006 10016 4 53 7 52 3 48 2
1006 10016 4 49 5 41 6 26 6
1006 10016 4 60 4 50 4 7 4
1006 10016 4 52 4 81 7 61 2
1006 10016 4 58 5 25 5 26 0
1006 10016 4 47 5 23 7 78 4
1006 10016 4 48 7 38 2 9 7
1006 10016 4 26 1 40 7 42 5
1006 10016 4 20 6 85 3 23 7
1006 10016 4 52 3 94 4 81 7
1006 10016 4 49 7 17 0 57 2
1006 10016 4 85 5 20 2 23 2
1006 10016 4 53 7 48 7 9 4
1006 10016 4 98 3 42 5 32 7
1006 10016 4 95 4 56 4 7 3
1006 10016 4 52 2 70 4 87 7
1006 10016 4 42 5 41 2 64 0
1006 10016 4 7 5 15 0 85 4
1006 10016 4 52 7 48 4 9 4
1006 10016 4 49 2 26 1 32 5
1006 10016 4 56 7 15 7 1 6
1006 10016 4 52 4 65 3 48 2
1006 10016 4 42 2 13 0 25 0
1006 10016 4 50 7 7 4 78 4
1006 10016 4 16 7 73 2 55 4
1006 10016 4 41 6 19 0 44 5
1006 10016 4 47 2 20 3 10 6
1006 10016 4 87 2 70 4 53 7
1006 10016 4 32 5 17 0 99 3
1006 10016 4 60 7 15 6 47 7
1006 10016 4 48 2 70 4 9 2
1006 10016 4 26 6 64 0 84 7
1006 10016 4 1 2 15 7 60 2
1006 10016 4 53 2 65 2 55 4
1006 10016 4 25 5 11 1 42 2
1006 10016 4 60 7 45 5 10 6
1006 10016 4 53 7 71 4 94 4
1006 10016 4 40 5 88 7 49 5
1006 10016 4 7 2 95 3 60 4
1006 10016 4 94 4 38 7 55 4
1006 10016 4 58 2 98 2 32 7
1006 10016 4 23 7 1 4 60 2
1006 10016 4 53 2 70 4 38 7
1006 10016 4 26 6 44 7 25 7
1006 10016 4 78 2 85 3 45 5
1006 10016 4 73 2 55 2 70 4
1006 10016 4 57 7 32 7 68 7
1006 10016 4 20 3 60 7 1 3
1006 10016 4 55 4 81 6 94 4
1006 10016 4 49 7 84 0 17 0
1006 10016 4 23 6 85 5 95 4
1006 10016 4 16 3 53 7 70 4
1006 10016 4 64 2 13 1 11 6
1006 10016 4 46 7 56 7 50 6
1006 10016 4 81 7 48 7 70 4
1006 10016 4 84 0 99 3 98 7
1006 10016 4 56 3 20 7 23 6
1006 10016 4 71 4 38 7 53 7
1006 10016 4 49 5 19 0 40 7
1006 10016 4 78 7 1 6 20 6
1006 10016 4 38 2 71 4 48 4
1006 10016 4 98 4 42 5 11 6
1006 10016 4 15 2 95 4 47 7
1006 10016 4 81 0 94 4 9 3
1006 10016 4 49 2 99 1 42 5
1006 10016 4 85 4 50 2 20 6
1006 10016 4 55 4 87 7 94 4
1006 10016 4 92 6 88 7 42 5
1006 10016 4 23 7 47 5 46 0
1006 10016 4 55 3 16 5 73 3
1006 10016 4 41 0 84 7 88 2
1006 10016 4 95 3 20 6 7 3
1006 10016 4 87 5 81 0 73 2
1006 10016 4 41 2 25 6 98 7
1006 10016 4 1 7 60 4 7 4
1006 10016 4 73 2 55 3 65 2
1006 10016 4 40 6 57 5 92 1
1006 10016 4 1 4 7 4 46 7
1006 10016 4 73 4 9 4 52 7
1006 10016 4 25 4 84 0 58 2
1006 10016 4 95 3 46 2 7 4
1006 10016 4 70 4 73 2 61 7
1006 10016 4 32 5 25 2 26 0
1006 10016 4 78 2 20 3 95 3
1006 10016 4 65 2 16 2 87 5
1006 10016 4 88 7 41 0 57 2
1006 10016 4 10 0 7 3 50 5
1006 10016 4 48 2 9 7 53 2
1006 10016 4 49 5 41 7 17 0
1006 10016 4 95 3 10 6 45 4
1006 10016 4 53 2 94 4 87 7
1006 10016 4 49 2 68 0 57 2
1006 10016 4 46 7 15 6 47 7
1006 10016 4 71 4 87 5 94 4
1006 10016 4 11 0 25 6 84 0
1006 10016 4 10 1 15 7 47 7
1006 10016 4 73 3 65 4 71 4
1006 10016 4 17 0 26 6 84 2
1006 10016 4 15 7 20 3 95 4
1006 10016 4 94 4 48 7 81 5
1006 10016 4 26 6 19 7 11 0
1006 10016 4 85 5 46 0 95 4
1006 10016 4 73 4 52 4 9 2
1006 10016 4 44 4 49 6 32 2
1006 10016 4 1 5 10 7 50 7
1006 10016 4 55 4 48 2 53 7
1006 10016 4 64 7 13 1 44 4
1006 10016 4 10 2 46 0 7 3
1006 10016 4 16 7 52 3 70 4
1006 10016 4 92 0 58 7 19 2
1006 10016 4 23 7 60 2 7 3
1006 10016 4 94 4 52 2 61 7
1006 10016 4 99 7 44 4 58 2
1006 10016 4 60 7 47 2 15 0
1006 10016 4 16 7 87 2 61 4
1006 10016 4 13 1 17 0 40 2
1006 10016 4 60 4 78 5 46 0
1006 10016 4 9 7 38 7 81 7
1006 10016 4 42 2 32 6 98 7
1006 10016 4 95 3 15 7 47 5
1006 10016 4 73 2 38 7 9 4
1006 10016 4 26 6 41 7 68 7
1006 10016 4 45 4 50 2 23 2
1006 10016 4 38 3 94 4 16 7
1006 10016 4 92 0 98 4 26 0
1006 10016 4 60 2 45 3 50 5
1006 10016 4 53 7 70 4 71 4
1006 10016 4 40 2 84 2 25 5
1006 10016 4 1 2 85 5 50 7
1006 10016 4 38 2 55 3 48 7
1006 10016 4 11 6 88 7 49 2
1006 10016 4 7 3 15 0 95 3
1006 10016 4 55 3 87 0 65 7
1006 10016 4 40 6 44 5 64 2
1006 10016 4 10 7 47 2 23 6
1006 10016 4 87 0 81 5 61 4
1006 10016 4 17 0 68 2 84 0
1006 10016 4 85 5 46 7 47 2
1006 10016 4 52 4 48 4 71 4
1006 10016 4 64 2 13 0 44 2
1006 10016 4 95 4 20 6 15 6
1006 10016 4 81 6 16 5 65 4
1006 10016 4 98 7 49 2 19 5
1006 10016 4 15 0 50 2 23 6
1006 10016 4 16 7 70 4 94 4
1006 10016 4 92 0 99 7 13 1
1006 10016 4 10 5 45 6 47 2
1006 10016 4 70 4 16 3 73 3
1006 10016 4 11 1 11 6 11 0
1006 10016 4 13 0 13 1 13 0
1006 10016 4 17 0 17 1 17 0
1006 10016 4 19 6 19 0 19 5
1006 10016 4 25 0 25 5 25 6
1006 10016 4 26 6 26 0 26 1
1006 10016 4 32 2 32 5 32 7
1006 10016 4 40 2 40 5 40 6
1006 10016 4 41 7 41 2 41 6
1006 10016 4 42 5 42 2 42 5
1006 10016 4 44 4 44 7 44 6
1006 10016 4 49 2 49 5 49 6
1006 10016 4 57 7 57 5 57 2
1006 10016 4 58 2 58 7 58 6
1006 10016 4 64 0 64 2 64 5
1006 10016 4 68 0 68 7 68 2
1006 10016 4 84 2 84 7 84 0
1006 10016 4 88 2 88 5 88 7
1006 10016 4 92 6 92 0 92 1
1006 10016 4 98 4 98 3 98 1
1006 10016 4 99 7 99 4 99 1
1006 10016 4 1 3 1 6 1 5
1006 10016 4 7 5 7 3 7 4
1006 10016 4 10 5 10 1 10 7
1006 10016 4 15 0 15 6 15 7
1006 10016 4 20 6 20 2 20 3
1006 10016 4 23 7 23 6 23 2
1006 10016 4 45 4 45 7 45 2
1006 10016 4 46 0 46 2 46 7
1006 10016 4 47 5 47 2 47 7
1006 10016 4 50 6 50 5 50 7
1006 10016 4 56 7 56 2 56 3
1006 10016 4 60 7 60 2 60 4
1006 10016 4 78 2 78 3 78 5
1006 10016 4 85 2 85 4 85 3
1006 10016 4 95 4 95 3 95 4
1006 10016 4 9 3 9 2 9 7
1006 10016 4 16 7 16 5 16 2
1006 10016 4 38 3 38 7 38 4
1006 10016 4 48 4 48 2 48 7
1006 10016 4 52 3 52 4 52 7
1006 10016 4 53 2 53 7 53 2
1006 10016 4 55 3 55 7 55 2
1006 10016 4 61 3 61 4 61 7
1006 10016 4 65 7 65 3 65 2
1006 10016 4 70 4 70 4 70 4
1006 10016 4 71 4 71 4 71 4
1006 10016 4 73 2 73 7 73 3
1006 10016 4 81 2 81 7 81 0
1006 10016 4 87 5 87 0 87 7
1006 10016 4 94 4 94 4 94 4
1006 10016 4 84 0 92 0 19 0
1006 10016 4 99 1 92 1 26 1
1006 10016 4 68 2 84 2 99 2
1006 10016 4 98 3 99 3 98 3
1006 10016 4 25 4 44 4 98 4
1006 10016 4 25 5 49 5 57 5
1006 10016 4 40 6 19 6 26 6
1006 10016 4 41 7 19 7 99 7
1006 10016 4 15 0 10 0 46 0
1006 10016 4 10 1 10 1 10 1
1006 10016 4 23 2 78 2 45 2
1006 10016 4 56 3 78 3 85 3
1006 10016 4 85 4 60 4 95 4
1006 10016 4 45 5 50 5 10 5
1006 10016 4 10 6 56 6 20 6
1006 10016 4 46 7 78 7 45 7
1006 10016 4 87 0 81 0 87 0
1006 10016 4 53 2 16 2 61 2
1006 10016 4 16 3 55 3 73 3
1006 10016 4 52 4 38 4 61 4
1006 10016 4 87 5 16 5 81 5
1006 10016 4 81 6 81 6 81 6
1006 10016 4 53 7 16 7 81 7
1006 10016 4 88 7 40 2 58 2
1006 10016 4 7 2 15 0 1 4
1006 10016 4 87 5 73 7 53 2
1006 10016 4 13 0 98 7 41 0
1006 10016 4 45 2 15 6 1 6
1006 10016 4 87 5 48 7 65 3
1006 10016 4 58 7 88 7 92 1
1006 10016 4 85 2 78 5 10 2
1006 10016 4 53 7 61 4 16 3
1006 10016 4 26 0 68 2 88 7
1006 10016 4 7 3 15 0 20 3
1006 10016 4 53 7 9 4 55 4
1006 10016 4 26 6 17 0 41 2
1006 10016 4 78 7 20 6 7 4
1006 10016 4 70 4 71 4 38 7
1006 10016 4 32 7 26 6 13 0
1006 10016 4 20 7 95 4 46 2
1006 10016 4 48 2 94 4 16 7
1006 10016 4 32 5 64 5 57 5
1006 10016 4 46 7 15 2 10 7
1006 10016 4 16 4 52 7 70 4
1006 10016 4 25 2 13 0 42 2
1006 10016 4 95 4 60 4 78 2
1006 10016 4 71 4 53 7 94 4
1006 10016 4 17 1 40 7 92 1
1006 10016 4 95 3 46 0 7 3
1006 10016 4 73 7 16 5 9 2
1006 10016 4 49 2 64 0 68 7
1006 10016 4 60 2 20 7 85 4
1006 10016 4 87 2 73 7 52 7
1006 10016 4 44 7 32 2 41 7
1006 10016 4 47 5 50 6 45 6
1006 10016 4 73 7 55 7 38 4
1006 10016 4 84 7 49 6 99 4
1006 10016 4 50 7 56 2 95 3
1006 10016 4 71 4 55 2 65 7
1006 10016 4 25 5 49 5 41 6
1006 10016 4 23 7 10 1 47 5
1006 10016 4 73 4 61 4 38 3
1006 10016 4 42 2 84 7 40 2
1006 10016 4 10 1 56 3 60 2
1006 10016 4 48 7 87 2 73 2
1006 10016 4 49 6 19 0 25 6
1006 10016 4 20 6 47 5 95 3
1006 10016 4 9 2 70 4 38 4
1006 10016 4 88 2 41 7 98 1
1006 10016 4 78 5 47 5 23 7
1006 10016 4 65 7 55 7 38 2
1006 10016 4 11 6 42 5 41 7
1006 10016 4 15 6 85 2 60 7
1006 10016 4 38 3 48 7 55 4
1006 10016 4 99 3 32 7 88 7
1006 10016 4 56 6 95 3 85 3
1006 10016 4 70 4 55 4 81 6
1006 10016 4 84 2 41 2 17 1
1006 10016 4 7 3 47 5 95 4
1006 10016 4 55 7 71 4 16 3
1006 10016 4 99 2 88 7 19 5
1006 10016 4 23 2 47 7 50 7
1006 10016 4 16 2 61 3 55 7
1006 10016 4 11 0 99 4 25 4
1006 10016 4 23 6 47 2 95 4
1006 10016 4 65 3 87 5 52 7
1006 10016 4 40 7 99 4 11 6
1006 10016 4 10 1 78 7 60 2
1006 10016 4 52 7 87 5 94 4
1006 10016 4 41 2 68 0 92 1
1006 10016 4 50 6 15 7 45 2
1006 10016 4 94 4 48 7 70 4
1006 10016 4 99 4 68 0 13 0
1006 10016 4 60 2 45 5 20 2
1006 10016 4 70 4 81 0 55 3
1006 10016 4 44 4 84 7 17 1
1006 10016 4 85 5 78 7 23 7
1006 10016 4 94 4 81 0 65 2
1006 10016 4 84 7 41 7 42 5
1006 10016 4 20 7 7 4 60 4
1006 10016 4 16 4 55 7 73 7
1006 10016 4 88 7 44 0 32 6
1006 10016 4 45 5 15 2 47 2
1006 10016 4 52 3 61 2 16 5
1006 10016 4 40 2 57 5 99 3
1006 10016 4 45 3 46 7 10 1
1006 10016 4 53 2 87 7 52 2
1006 10016 4 68 2 40 5 11 6
1006 10016 4 10 2 45 4 46 7
1006 10016 4 71 4 94 4 38 2
1006 10016 4 40 6 57 2 64 2
1006 10016 4 1 4 95 3 23 2
1006 10016 4 65 2 16 2 81 6
1006 10016 4 98 3 42 2 44 0
1006 10016 4 15 6 56 4 47 7
1006 10016 4 81 2 38 4 53 2
1006 10016 4 98 3 11 0 84 7
1006 10016 4 85 5 78 4 60 4
1006 10016 4 9 3 61 7 94 4
1006 10016 4 19 2 42 2 13 0
1006 10016 4 56 6 10 7 7 3
1006 10016 4 87 0 38 7 65 2
1006 10016 4 68 2 40 5 42 2
1006 10016 4 85 2 50 7 46 2
1006 10016 4 55 4 65 4 87 2
1006 10016 4 98 4 84 0 68 2
1006 10016 4 46 7 15 2 85 2
1006 10016 4 81 2 53 7 87 5
1006 10016 4 25 0 32 2 26 1
1006 10016 4 60 4 10 0 7 5
1006 10016 4 65 2 48 2 38 2
1006 10016 4 99 4 98 1 13 0
1006 10016 4 60 2 1 5 50 7
1006 10016 4 61 7 48 4 65 4
1006 10016 4 49 7 13 1 58 2
1006 10016 4 10 6 56 3 7 2
1006 10016 4 48 7 52 4 38 3
1006 10016 4 40 7 17 1 58 5
1006 10016 4 15 2 60 2 10 7
1006 10016 4 9 7 94 4 48 7
1006 10016 4 25 6 68 7 84 0
1006 10016 4 95 3 10 5 20 2
1006 10016 4 73 3 9 2 71 4
1006 10016 4 64 7 57 2 25 7
1006 10016 4 47 5 20 7 10 2
1006 10016 4 73 7 65 7 52 4
1006 10016 4 25 0 57 7 41 2
1006 10016 4 50 4 46 0 10 5
1006 10016 4 53 7 71 4 61 3
1006 10016 4 26 6 42 2 19 6
1006 10016 4 46 2 23 6 85 4
1006 10016 4 65 4 55 7 53 2
1006 10016 4 25 7 92 6 13 0
1006 10016 4 20 7 78 4 85 2
1006 10016 4 71 4 94 4 61 4
1006 10016 4 25 5 58 7 32 5
1006 10016 4 85 4 47 5 10 0
1006 10016 4 73 3 65 4 16 5
1006 10016 4 68 0 99 7 19 7
1006 10016 4 7 4 60 4 56 3
1006 10016 4 53 7 65 7 71 4
1006 10016 4 98 4 88 7 64 7
1006 10016 4 56 4 7 3 85 5
1006 10016 4 65 4 9 4 71 4
1006 10016 4 17 1 32 7 58 2
1006 10016 4 78 5 10 0 50 4
1006 10016 4 48 2 87 2 61 4
1006 10016 4 49 6 13 0 11 0
1006 10016 4 56 4 60 2 20 6
1006 10016 4 71 4 94 4 55 2
1006 10016 4 64 2 49 6 41 6
1006 10016 4 85 2 46 2 1 6
1006 10016 4 70 4 55 3 16 2
1006 10016 4 92 1 49 6 84 7
1006 10016 4 50 6 85 2 47 7
1006 10016 4 87 0 38 4 70 4
1006 10016 4 84 2 58 7 40 2
1006 10016 4 23 6 60 2 20 7
1006 10016 4 61 3 9 2 38 4
1006 10016 4 32 6 13 1 25 7
1006 10016 4 46 0 23 6 60 4
1006 10016 4 70 4 9 2 55 2
1006 10016 4 44 4 26 0 32 7
1006 10016 4 20 7 1 7 45 3
1006 10016 4 53 7 61 3 94 4
1006 10016 4 26 1 11 0 57 7
1006 10016 4 20 2 47 5 10 5
1006 10016 4 52 2 9 4 16 4
1006 10016 4 98 4 68 0 32 6
1006 10016 4 50 6 23 6 20 3
1006 10016 4 71 4 38 2 94 4
1006 10016 4 40 5 17 0 57 5
1006 10016 4 1 7 78 5 85 4
1006 10016 4 81 2 61 3 16 2
1006 10016 4 41 6 25 4 11 0
1006 10016 4 50 7 7 5 60 2
1006 10016 4 94 4 38 3 48 7
1006 10016 4 25 0 57 2 19 6
1006 10016 4 15 2 50 6 1 5
1006 10016 4 71 4 73 4 61 2
1006 10016 4 11 1 19 7 68 2
1006 10016 4 47 2 45 3 56 3
1006 10016 4 81 7 87 0 38 7
1006 10016 4 84 2 64 7 49 6
1006 10016 4 20 3 78 2 46 0
1006 10016 4 81 6 71 4 55 2
1006 10016 4 17 0 19 5 57 5
1006 10016 4 20 7 46 0 10 1
1006 10016 4 71 4 53 2 52 4
1006 10016 4 84 2 32 7 13 0
1006 10016 4 47 7 10 0 50 5
1006 10016 4 9 2 52 2 48 2
1006 10016 4 57 5 17 0 41 2
1006 10016 4 78 2 7 4 50 7
1006 10016 4 53 2 55 3 61 7
1006 10016 4 25 4 98 7 26 0
1006 10016 4 85 5 46 0 1 5
1006 10016 4 70 4 16 5 55 7
1006 10016 4 41 0 17 0 26 6
1006 10016 4 23 2 95 4 47 2
1006 10016 4 48 2 53 7 70 4
1006 10016 4 19 6 17 0 26 0
1006 10016 4 45 5 10 1 46 0
1006 10016 4 48 4 87 5 52 3
1006 10016 4 25 4 49 2 11 6
1006 10016 4 23 6 1 4 56 6
1006 10016 4 87 0 52 2 65 2
1006 10016 4 17 1 11 6 88 2
1006 10016 4 45 7 15 2 85 2
1006 10016 4 48 7 65 2 9 7
1006 10016 4 11 6 68 2 19 7
1006 10016 4 10 6 47 5 95 3
1006 10016 4 9 7 16 3 53 2
1006 10016 4 11 0 11 6 11 1
1006 10016 4 17 1 17 0 17 1
1006 10016 4 19 0 19 5 19 2
1006 10016 4 25 7 25 0 25 4
1006 10016 4 26 0 26 6 26 1
1006 10016 4 32 5 32 7 32 6
1006 10016 4 40 2 40 6 40 5
1006 10016 4 41 0 41 6 41 7
1006 10016 4 42 2 42 5 42 2
1006 10016 4 44 2 44 6 44 0
1006 10016 4 49 2 49 6 49 7
1006 10016 4 57 2 57 7 57 5
1006 10016 4 58 7 58 2 58 5
1006 10016 4 64 5 64 0 64 7
1006 10016 4 68 0 68 2 68 7
1006 10016 4 92 1 92 6 92 0
1006 10016 4 98 7 98 2 98 4
1006 10016 4 99 1 99 7 99 3
1006 10016 4 1 3 1 4 1 2
1006 10016 4 7 3 7 2 7 5
1006 10016 4 10 2 10 5 10 7
1006 10016 4 15 0 15 2 15 7
1006 10016 4 20 3 20 6 20 2
1006 10016 4 23 2 23 6 23 7
1006 10016 4 45 3 45 2 45 7
1006 10016 4 46 7 46 0 46 2
1006 10016 4 47 2 47 7 47 5
1006 10016 4 50 7 50 2 50 6
1006 10016 4 56 3 56 7 56 6
1006 10016 4 60 2 60 7 60 4
1006 10016 4 85 4 85 2 85 5
1006 10016 4 95 3 95 4 95 3
1006 10016 4 9 3 9 2 9 4
1006 10016 4 16 3 16 5 16 2
1006 10016 4 38 4 38 3 38 2
1006 10016 4 48 2 48 4 48 7
1006 10016 4 52 4 52 7 52 2
1006 10016 4 53 7 53 2 53 7
1006 10016 4 55 3 55 4 55 2
1006 10016 4 61 2 61 4 61 3
1006 10016 4 65 2 65 7 65 3
1006 10016 4 73 2 73 3 73 4
1006 10016 4 81 7 81 2 81 5
1006 10016 4 87 5 87 7 87 2
1006 10016 4 13 0 17 0 84 0
1006 10016 4 11 1 99 1 98 1
1006 10016 4 32 2 44 2 84 2
1006 10016 4 99 3 98 3 99 3
1006 10016 4 99 4 98 4 44 4
1006 10016 4 64 5 49 5 88 5
1006 10016 4 11 6 41 6 32 6
1006 10016 4 49 7 19 7 98 7
1006 10016 4 10 0 46 0 15 0
1006 10016 4 7 2 1 2 20 2
1006 10016 4 95 3 78 3 1 3
1006 10016 4 1 4 7 4 78 4
1006 10016 4 47 5 50 5 78 5
1006 10016 4 56 6 20 6 23 6
1006 10016 4 45 7 10 7 78 7
1006 10016 4 81 0 87 0 81 0
1006 10016 4 61 2 53 2 55 2
1006 10016 4 16 3 65 3 61 3
1006 10016 4 52 4 70 4 73 4
1006 10016 4 16 5 87 5 81 5
1006 10016 4 65 7 53 7 52 7
1006 10016 4 25 4 49 5 17 1
1006 10016 4 46 0 56 7 95 3
1006 10016 4 70 4 87 0 16 2
1006 10016 4 17 1 32 5 57 7
1006 10016 4 95 3 7 2 20 3
1006 10016 4 9 4 52 2 71 4
1006 10016 4 11 1 19 2 57 7
1006 10016 4 23 6 46 7 20 3
1006 10016 4 61 2 87 0 70 4
1006 10016 4 26 1 98 2 17 0
1006 10016 4 56 7 7 3 23 2
1006 10016 4 61 4 87 2 71 4
1006 10016 4 49 6 19 0 92 1
1006 10016 4 50 4 10 1 23 7
1006 10016 4 48 4 71 4 87 0
1006 10016 4 58 6 26 1 41 6
1006 10016 4 45 5 85 5 95 4
1006 10016 4 70 4 87 7 9 4
1006 10016 4 42 5 17 0 68 0
1006 10016 4 47 2 15 0 20 7
1006 10016 4 52 4 16 2 53 2
1006 10016 4 99 4 26 0 19 2
1006 10016 4 60 2 15 2 95 4
1006 10016 4 55 3 53 2 52 7
1006 10016 4 68 0 26 1 40 6
1006 10016 4 47 7 95 3 46 2
1006 10016 4 55 3 65 3 73 4
1006 10016 4 32 5 92 1 68 7
1006 10016 4 60 2 95 4 7 5
1006 10016 4 48 7 65 2 38 4
1006 10016 4 99 2 26 1 98 1
1006 10016 4 95 4 1 7 78 7
1006 10016 4 70 4 38 4 16 2
1006 10016 4 11 1 64 0 58 7
1006 10016 4 7 5 56 3 50 6
1006 10016 4 87 2 94 4 65 3
1006 10016 4 88 2 11 0 44 7
1006 10016 4 50 2 1 5 95 3
1006 10016 4 61 7 94 4 38 3
1006 10016 4 40 7 32 7 41 7
1006 10016 4 50 4 20 3 47 2
1006 10016 4 38 2 87 2 71 4
1006 10016 4 84 7 98 2 19 6
1006 10016 4 46 7 78 2 45 2
1006 10016 4 73 4 87 2 81 5
1006 10016 4 98 1 32 2 44 4
1006 10016 4 1 2 20 2 23 6
1006 10016 4 61 7 9 4 38 3
1006 10016 4 42 2 64 7 49 6
1006 10016 4 47 2 23 2 15 6
1006 10016 4 70 4 81 5 16 4
1006 10016 4 26 1 11 6 92 1
1006 10016 4 45 6 1 3 95 3
1006 10016 4 48 2 94 4 53 7
1006 10016 4 64 7 98 2 11 0
1006 10016 4 50 7 56 3 85 4
1006 10016 4 94 4 70 4 65 4
1006 10016 4 41 0 25 5 32 7
1006 10016 4 60 7 23 6 15 7
1006 10016 4 16 5 81 6 73 3
1006 10016 4 92 0 40 5 84 0
1006 10016 4 45 7 46 7 85 3
1006 10016 4 38 3 73 3 87 7
1006 10016 4 92 6 88 2 44 2
1006 10016 4 50 7 56 4 60 7
1006 10016 4 70 4 9 4 38 2
1006 10016 4 68 7 98 4 99 1
1006 10016 4 85 3 78 4 20 2
1006 10016 4 52 4 94 4 55 2
1006 10016 4 84 0 17 0 92 6
1006 10016 4 20 3 23 2 46 2
1006 10016 4 73 2 48 7 53 7
1006 10016 4 42 2 41 0 40 2
1006 10016 4 50 5 47 2 95 4
1006 10016 4 48 2 87 0 16 3
1006 10016 4 32 6 41 2 58 2
1006 10016 4 45 7 23 7 56 3
1006 10016 4 53 2 73 3 65 2
1006 10016 4 40 7 88 7 26 6
1006 10016 4 20 3 95 3 60 7
1006 10016 4 81 6 38 7 71 4
1006 10016 4 49 6 68 0 11 1
1006 10016 4 78 4 85 2 56 3
1006 10016 4 52 4 70 4 61 4
1006 10016 4 49 2 32 7 17 0
1006 10016 4 47 5 46 7 56 3
1006 10016 4 48 2 65 3 9 3
1006 10016 4 99 1 32 7 57 5
1006 10016 4 20 6 1 7 45 3
1006 10016 4 55 7 81 6 65 4
1006 10016 4 44 5 40 2 64 7
1006 10016 4 47 7 20 7 15 2
1006 10016 4 71 4 87 7 48 4
1006 10016 4 68 2 32 5 11 0
1006 10016 4 20 6 60 7 85 2
1006 10016 4 9 7 55 2 81 0
1006 10016 4 17 0 58 7 92 6
1006 10016 4 10 0 20 3 95 4
1006 10016 4 65 2 71 4 53 7
1006 10016 4 57 7 64 7 25 6
1006 10016 4 1 5 46 2 60 2
1006 10016 4 70 4 52 4 53 7
1006 10016 4 13 1 42 2 99 3
1006 10016 4 47 2 10 5 23 7
1006 10016 4 73 7 81 5 87 5
1006 10016 4 13 0 17 0 25 7
1006 10016 4 85 4 1 2 46 0
1006 10016 4 73 7 61 2 71 4
1006 10016 4 58 2 32 5 13 1
1006 10016 4 60 2 20 6 15 2
1006 10016 4 52 2 16 3 61 2
1006 10016 4 92 6 99 2 13 1
1006 10016 4 85 2 60 2 10 7
1006 10016 4 71 4 87 0 81 7
1006 10016 4 19 2 11 0 58 6
1006 10016 4 45 4 15 6 60 4
1006 10016 4 9 4 53 2 55 2
1006 10016 4 64 7 19 2 11 6
1006 10016 4 20 7 23 6 85 2
1006 10016 4 70 4 73 3 16 2
1006 10016 4 64 2 44 2 49 5
1006 10016 4 56 3 85 2 10 1
1006 10016 4 71 4 81 2 70 4
1006 10016 4 32 2 64 2 84 0
1006 10016 4 7 4 1 4 78 3
1006 10016 4 48 4 55 4 73 4
1006 10016 4 92 1 99 1 88 5
1006 10016 4 1 3 46 2 23 7
1006 10016 4 38 3 81 0 52 2
1006 10016 4 68 7 11 1 92 0
1006 10016 4 1 4 15 7 20 7
1006 10016 4 52 2 70 4 53 2
1006 10016 4 98 7 68 0 64 7
1006 10016 4 7 5 10 7 85 5
1006 10016 4 52 4 48 7 73 3
1006 10016 4 42 5 26 1 17 1
1006 10016 4 50 7 10 5 23 6
1006 10016 4 81 0 70 4 16 2
1006 10016 4 32 5 58 6 19 5
1006 10016 4 50 7 45 5 20 2
1006 10016 4 38 3 52 2 48 2
1006 10016 4 88 2 58 7 64 2
1006 10016 4 50 7 7 3 78 5
1006 10016 4 52 4 55 3 71 4
1006 10016 4 32 2 92 0 98 7
1006 10016 4 78 2 95 4 23 6
1006 10016 4 38 3 55 4 94 4
1006 10016 4 42 5 26 0 88 5
1006 10016 4 23 2 78 2 7 3
1006 10016 4 9 7 52 3 87 2
1006 10016 4 49 7 11 6 98 7
1006 10016 4 1 5 50 7 46 0
1006 10016 4 94 4 81 0 71 4
1006 10016 4 57 5 25 5 19 5
1006 10016 4 95 4 47 7 56 3
1006 10016 4 70 4 52 3 55 7
1006 10016 4 42 2 99 1 11 0
1006 10016 4 7 4 95 3 45 4
1006 10016 4 53 2 38 4 52 7
1006 10016 4 49 2 42 2 99 4
1006 10016 4 60 7 46 0 20 2
1006 10016 4 81 2 16 4 70 4
1006 10016 4 84 0 98 1 17 0
1006 10016 4 85 3 78 5 60 4
1006 10016 4 53 7 52 3 16 7
1006 10016 4 92 0 64 2 13 0
1006 10016 4 10 5 45 6 47 5
1006 10016 4 48 2 16 7 94 4
1006 10016 4 98 1 41 7 19 6
1006 10016 4 78 4 15 7 95 3
1006 10016 4 81 7 73 2 38 7
1006 10016 4 40 6 32 6 64 0
1006 10016 4 50 5 56 2 78 2
1006 10016 4 81 5 61 7 73 3
1006 10016 4 42 2 25 2 26 0
1006 10016 4 45 7 56 7 7 2
1006 10016 4 16 3 55 4 94 4
1006 10016 4 57 7 88 5 98 3
1006 10016 4 15 6 60 4 56 2
1006 10016 4 16 5 38 4 65 7
1006 10016 4 32 6 98 4 17 0
1006 10016 4 50 7 1 5 10 5
1006 10016 4 61 4 81 6 16 5
1006 10016 4 88 7 42 5 26 1
1006 10016 4 47 7 10 0 46 2
1006 10016 4 87 2 38 3 94 4
1006 10016 4 40 5 32 5 64 0
1006 10016 4 7 4 10 0 45 4
1006 10016 4 70 4 38 2 71 4
1006 10016 4 88 7 26 0 64 0
1006 10016 4 95 4 7 3 15 7
1006 10016 4 38 7 65 3 73 4
1006 10016 4 26 0 58 7 57 2
1006 10016 4 10 6 7 4 45 7
1006 10016 4 55 2 87 7 71 4
1006 10016 4 19 2 41 7 13 1
1006 10016 4 95 4 15 6 1 3
1006 10016 4 55 3 94 4 61 4
1006 10016 4 40 6 25 5 17 1
1006 10016 4 15 0 95 3 23 7
1006 10016 4 61 4 73 3 70 4
1006 10016 4 58 7 84 2 64 0
1006 10016 4 50 2 56 3 20 7
1006 10016 4 87 2 9 2 70 4
1006 10016 4 64 0 11 6 42 2
1006 10016 4 78 2 95 3 60 4
1006 10016 4 9 7 94 4 55 4
1006 10016 4 99 1 32 2 42 5
1006 10016 4 1 5 47 5 78 2
1006 10016 4 94 4 65 7 61 2
1006 10016 4 13 1 13 0 13 1
1006 10016 4 19 2 19 6 19 0
1006 10016 4 25 6 25 2 25 5
1006 10016 4 26 6 26 1 26 0
1006 10016 4 32 7 32 2 32 5
1006 10016 4 40 6 40 7 40 2
1006 10016 4 41 2 41 7 41 0
1006 10016 4 44 2 44 7 44 4
1006 10016 4 49 6 49 2 49 7
1006 10016 4 57 7 57 2 57 5
1006 10016 4 58 6 58 5 58 7
1006 10016 4 64 5 64 2 64 7
1006 10016 4 68 2 68 0 68 7
1006 10016 4 84 7 84 0 84 2
1006 10016 4 88 5 88 7 88 2
1006 10016 4 98 7 98 1 98 3
1006 10016 4 99 2 99 4 99 7
1006 10016 4 1 7 1 5 1 4
1006 10016 4 7 3 7 2 7 4
1006 10016 4 10 1 10 6 10 2
1006 10016 4 15 0 15 7 15 2
1006 10016 4 20 7 20 2 20 3
1006 10016 4 23 2 23 7 23 6
1006 10016 4 45 4 45 3 45 6
1006 10016 4 47 7 47 5 47 2
1006 10016 4 50 4 50 5 50 7
1006 10016 4 56 2 56 3 56 6
1006 10016 4 60 4 60 2 60 7
1006 10016 4 78 7 78 2 78 3
1006 10016 4 85 4 85 5 85 3
1006 10016 4 9 2 9 4 9 3
1006 10016 4 16 5 16 7 16 4
1006 10016 4 38 2 38 7 38 3
1006 10016 4 48 7 48 2 48 4
1006 10016 4 52 4 52 3 52 7
1006 10016 4 55 3 55 4 55 7
1006 10016 4 61 4 61 7 61 2
1006 10016 4 73 4 73 7 73 2
1006 10016 4 81 6 81 7 81 5
1006 10016 4 87 5 87 7 87 0
1006 10016 4 19 0 13 0 41 0
1006 10016 4 26 1 99 1 98 1
1006 10016 4 64 2 32 2 25 2
1006 10016 4 99 4 25 4 44 4
1006 10016 4 19 5 88 5 58 5
1006 10016 4 41 6 49 6 19 6
1006 10016 4 49 7 41 7 64 7
1006 10016 4 46 0 10 0 15 0
1006 10016 4 10 2 45 2 23 2
1006 10016 4 56 3 7 3 95 3
1006 10016 4 50 4 78 4 85 4
1006 10016 4 50 5 7 5 10 5
1006 10016 4 20 6 56 6 45 6
1006 10016 4 20 7 60 7 1 7
1006 10016 4 48 2 87 2 73 2
1006 10016 4 61 3 55 3 52 3
1006 10016 4 73 4 48 4 38 4
1006 10016 4 81 5 16 5 87 5
1006 10016 4 73 7 53 7 52 7
1006 10016 4 32 5 25 5 26 0
1006 10016 4 95 3 78 7 20 3
1006 10016 4 94 4 48 7 52 7
1006 10016 4 11 6 49 6 19 7
1006 10016 4 85 5 60 7 45 3
1006 10016 4 71 4 9 2 65 4
1006 10016 4 25 2 26 0 68 0
1006 10016 4 15 6 45 5 78 3
1006 10016 4 71 4 53 7 16 3
1006 10016 4 40 2 64 5 88 2
1006 10016 4 23 2 47 2 60 7
1006 10016 4 94 4 52 7 70 4
1006 10016 4 84 7 13 0 42 5
1006 10016 4 78 7 15 7 46 2
1006 10016 4 73 3 55 3 71 4
1006 10016 4 42 2 99 7 41 2
1006 10016 4 46 0 60 2 95 4
1006 10016 4 53 7 73 3 65 7
1006 10016 4 42 5 25 6 41 6
1006 10016 4 95 3 7 5 20 6
1006 10016 4 61 7 38 7 71 4
1006 10016 4 99 1 57 2 98 4
1006 10016 4 46 0 45 5 78 2
1006 10016 4 52 4 65 7 53 7
1006 10016 4 25 7 49 7 41 2
1006 10016 4 60 2 1 5 95 3
1006 10016 4 70 4 52 4 9 2
1006 10016 4 44 6 57 5 11 1
1006 10016 4 46 2 10 1 23 6
1006 10016 4 9 4 81 0 65 4
1006 10016 4 92 0 42 2 98 1
1006 10016 4 15 7 46 0 7 4
1006 10016 4 52 4 9 2 48 4
1006 10016 4 84 0 11 6 40 5
1006 10016 4 20 7 46 0 1 4
1006 10016 4 52 2 38 7 61 4
1006 10016 4 88 5 41 6 58 7
1006 10016 4 95 4 56 4 46 2
1006 10016 4 70 4 94 4 53 2
1006 10016 4 41 6 44 2 84 2
1006 10016 4 10 6 23 7 15 7
1006 10016 4 38 4 52 3 87 0
1006 10016 4 19 2 58 7 68 0
1006 10016 4 95 4 56 3 10 5
1006 10016 4 61 4 52 3 87 2
1006 10016 4 11 0 58 6 25 7
1006 10016 4 47 5 56 6 15 2
1006 10016 4 65 2 16 3 48 2
1006 10016 4 11 6 19 2 92 0
1006 10016 4 7 4 56 4 23 2
1006 10016 4 53 7 65 7 48 2
1006 10016 4 49 5 58 7 42 2
1006 10016 4 56 3 78 7 23 7
1006 10016 4 81 5 71 4 9 4
1006 10016 4 49 5 40 5 19 5
1006 10016 4 10 0 15 0 23 7
1006 10016 4 65 3 81 5 61 2
1006 10016 4 17 1 19 2 42 2
1006 10016 4 50 6 45 5 78 2
1006 10016 4 73 4 61 7 38 2
1006 10016 4 17 1 57 2 58 2
1006 10016 4 46 7 50 2 1 3
1006 10016 4 71 4 48 7 81 2
1006 10016 4 92 1 49 6 64 0
1006 10016 4 15 0 60 4 45 5
1006 10016 4 70 4 48 7 53 7
1006 10016 4 84 7 98 7 99 4
1006 10016 4 45 5 47 2 10 2
1006 10016 4 53 7 94 4 61 7
1006 10016 4 19 5 68 2 25 0
1006 10016 4 7 2 15 7 1 2
1006 10016 4 48 2 38 4 9 3
1006 10016 4 26 6 68 0 58 6
1006 10016 4 78 7 1 2 23 6
1006 10016 4 73 2 52 3 61 7
1006 10016 4 58 5 64 2 68 2
1006 10016 4 56 7 7 2 1 3
1006 10016 4 68 2 64 0 44 6
1006 10016 4 46 2 78 4 56 2
1006 10016 4 52 4 55 2 71 4
1006 10016 4 26 1 92 1 32 5
1006 10016 4 15 0 95 4 85 2
1006 10016 4 38 7 52 3 71 4
1006 10016 4 32 7 41 7 58 6
1006 10016 4 46 0 7 3 23 7
1006 10016 4 9 7 81 0 38 3
1006 10016 4 49 7 84 2 32 6
1006 10016 4 60 7 7 3 45 6
1006 10016 4 70 4 87 0 73 3
1006 10016 4 32 7 57 5 44 0
1006 10016 4 10 2 95 4 85 2
1006 10016 4 71 4 81 7 53 2
1006 10016 4 26 0 17 0 32 5
1006 10016 4 47 7 10 1 56 3
1006 10016 4 71 4 53 7 87 0
1006 10016 4 88 5 13 0 44 2
1006 10016 4 45 5 1 2 10 2
1006 10016 4 73 7 81 5 55 7
1006 10016 4 84 7 88 2 32 5
1006 10016 4 95 4 15 0 46 2
1006 10016 4 48 4 52 7 38 2
1006 10016 4 25 2 92 0 19 6
1006 10016 4 46 0 1 2 95 3
1006 10016 4 70 4 65 3 55 3
1006 10016 4 11 0 25 2 68 7
1006 10016 4 7 3 1 7 45 6
1006 10016 4 71 4 87 5 48 2
1006 10016 4 11 6 26 6 98 3
1006 10016 4 23 7 45 4 10 5
1006 10016 4 94 4 38 7 53 2
1006 10016 4 92 1 25 5 58 5
1006 10016 4 50 7 95 3 47 5
1006 10016 4 52 3 9 2 81 0
1006 10016 4 49 6 26 0 25 2
1006 10016 4 60 2 10 1 56 2
1006 10016 4 71 4 65 2 70 4
1006 10016 4 49 6 19 6 92 1
1006 10016 4 7 3 78 5 46 2
1006 10016 4 71 4 70 4 53 7
1006 10016 4 32 6 64 5 58 7
1006 10016 4 20 7 1 5 46 0
1006 10016 4 52 4 61 7 71 4
1006 10016 4 58 7 64 7 88 2
1006 10016 4 85 3 56 3 46 2
1006 10016 4 70 4 38 4 73 2
1006 10016 4 17 1 32 5 68 2
1006 10016 4 56 4 60 7 45 7
1006 10016 4 55 7 61 4 81 5
1006 10016 4 25 7 64 0 88 2
1006 10016 4 46 0 60 2 23 2
1006 10016 4 70 4 94 4 61 3
1006 10016 4 84 7 88 7 25 2
1006 10016 4 23 6 7 4 47 7
1006 10016 4 65 3 87 5 61 4
1006 10016 4 13 1 58 7 98 1
1006 10016 4 1 3 85 5 47 2
1006 10016 4 38 7 16 3 61 2
1006 10016 4 13 1 49 7 44 4
1006 10016 4 56 6 23 6 46 0
1006 10016 4 16 4 9 2 81 2
1006 10016 4 68 2 26 6 41 6
1006 10016 4 47 7 23 2 45 7
1006 10016 4 52 7 70 4 94 4
1006 10016 4 58 5 92 1 41 7
1006 10016 4 45 6 50 6 60 4
1006 10016 4 73 4 9 3 55 4
1006 10016 4 88 2 32 7 68 7
1006 10016 4 10 2 23 6 1 5
1006 10016 4 53 2 16 5 81 0
1006 10016 4 92 0 25 2 84 0
1006 10016 4 95 3 20 7 46 7
1006 10016 4 48 7 9 4 16 4
1006 10016 4 40 6 84 0 17 1
1006 10016 4 10 0 78 5 50 6
1006 10016 4 16 5 94 4 48 4
1006 10016 4 25 6 99 1 64 0
1006 10016 4 85 5 60 7 78 3
1006 10016 4 94 4 38 2 65 2
1006 10016 4 40 5 64 7 13 0
1006 10016 4 78 2 56 3 7 3
1006 10016 4 61 7 16 5 65 2
1006 10016 4 44 2 68 7 41 2
1006 10016 4 95 4 1 2 56 7
1006 10016 4 94 4 61 2 71 4
1006 10016 4 57 7 64 7 32 7
1006 10016 4 10 0 20 3 15 7
1006 10016 4 53 2 70 4 48 2
1006 10016 4 19 6 49 6 41 0
1006 10016 4 10 7 45 6 85 4
1006 10016 4 19 6 58 5 57 2
1006 10016 4 1 6 78 3 15 6
1006 10016 4 81 6 53 2 55 2
