1005 10016 4 19 6 88 7
1005 10016 4 85 4 78 5
1005 10016 4 52 7 73 4
1005 10016 4 32 7 17 1
1005 10016 4 60 7 7 5
1005 10016 4 16 5 73 4
1005 10016 4 44 5 19 6
1005 10016 4 50 2 10 5
1005 10016 4 87 7 70 4
1005 10016 4 32 7 40 6
1005 10016 4 1 7 46 2
1005 10016 4 73 2 71 4
1005 10016 4 40 5 92 1
1005 10016 4 45 5 15 6
1005 10016 4 71 4 70 4
1005 10016 4 84 0 13 0
1005 10016 4 7 2 46 2
1005 10016 4 65 4 81 2
1005 10016 4 58 7 40 7
1005 10016 4 50 5 46 7
1005 10016 4 81 6 48 4
1005 10016 4 19 6 32 5
1005 10016 4 10 1 20 6
1005 10016 4 71 4 9 4
1005 10016 4 17 1 58 6
1005 10016 4 85 5 78 5
1005 10016 4 87 5 73 4
1005 10016 4 11 0 84 7
1005 10016 4 45 3 56 6
1005 10016 4 16 4 94 4
1005 10016 4 84 7 57 5
1005 10016 4 1 5 20 2
1005 10016 4 94 4 53 2
1005 10016 4 88 2 41 2
1005 10016 4 50 2 20 3
1005 10016 4 70 4 71 4
1005 10016 4 98 4 88 7
1005 10016 4 20 7 7 3
1005 10016 4 70 4 16 4
1005 10016 4 98 7 32 6
1005 10016 4 56 3 7 3
1005 10016 4 61 7 55 4
1005 10016 4 40 7 32 2
1005 10016 4 47 2 15 2
1005 10016 4 55 2 70 4
1005 10016 4 26 0 57 7
1005 10016 4 47 7 10 5
1005 10016 4 94 4 38 4
1005 10016 4 40 6 26 0
1005 10016 4 78 7 95 4
1005 10016 4 70 4 53 7
1005 10016 4 42 5 84 0
1005 10016 4 95 4 60 7
1005 10016 4 38 2 65 2
1005 10016 4 98 1 11 0
1005 10016 4 47 5 60 4
1005 10016 4 48 7 81 6
1005 10016 4 11 1 13 0
1005 10016 4 95 4 23 2
1005 10016 4 53 7 87 2
1005 10016 4 25 7 49 5
1005 10016 4 20 7 47 2
1005 10016 4 53 2 9 7
1005 10016 4 26 1 11 0
1005 10016 4 23 2 1 5
1005 10016 4 53 7 65 3
1005 10016 4 57 7 19 2
1005 10016 4 23 7 56 7
1005 10016 4 48 7 55 7
1005 10016 4 41 0 88 5
1005 10016 4 56 7 46 0
1005 10016 4 52 3 70 4
1005 10016 4 17 0 68 0
1005 10016 4 7 5 60 2
1005 10016 4 61 4 71 4
1005 10016 4 47 5 78 2
1005 10016 4 87 5 71 4
1005 10016 4 32 2 25 4
1005 10016 4 46 2 7 3
1005 10016 4 61 7 81 5
1005 10016 4 64 0 92 1
1005 10016 4 10 6 7 4
1005 10016 4 94 4 73 2
1005 10016 4 68 7 57 7
1005 10016 4 78 5 20 6
1005 10016 4 61 4 70 4
1005 10016 4 26 1 11 1
1005 10016 4 46 7 15 7
1005 10016 4 94 4 55 4
1005 10016 4 25 6 98 4
1005 10016 4 85 3 45 4
1005 10016 4 53 2 52 7
1005 10016 4 13 1 57 5
1005 10016 4 85 2 50 4
1005 10016 4 48 2 81 7
1005 10016 4 19 0 88 5
1005 10016 4 15 7 1 5
1005 10016 4 70 4 81 0
1005 10016 4 92 1 26 0
1005 10016 4 45 5 60 4
1005 10016 4 16 5 61 2
1005 10016 4 58 7 26 6
1005 10016 4 95 3 46 7
1005 10016 4 9 3 16 3
1005 10016 4 84 0 64 0
1005 10016 4 85 5 1 7
1005 10016 4 53 2 73 4
1005 10016 4 44 0 11 6
1005 10016 4 46 2 95 3
1005 10016 4 81 0 70 4
1005 10016 4 42 5 41 0
1005 10016 4 45 6 46 0
1005 10016 4 64 5 41 7
1005 10016 4 85 2 1 2
1005 10016 4 94 4 70 4
1005 10016 4 88 7 58 5
1005 10016 4 60 4 45 3
1005 10016 4 87 2 94 4
1005 10016 4 13 0 44 4
1005 10016 4 85 3 56 4
1005 10016 4 53 2 9 2
1005 10016 4 98 2 17 1
1005 10016 4 85 5 56 3
1005 10016 4 55 4 52 4
1005 10016 4 64 5 49 6
1005 10016 4 56 4 10 6
1005 10016 4 87 7 65 4
1005 10016 4 19 0 88 7
1005 10016 4 78 4 45 4
1005 10016 4 70 4 9 3
1005 10016 4 40 5 17 1
1005 10016 4 85 5 60 4
1005 10016 4 48 4 73 4
1005 10016 4 88 2 19 5
1005 10016 4 95 4 45 4
1005 10016 4 16 5 48 2
1005 10016 4 88 7 13 1
1005 10016 4 46 0 20 6
1005 10016 4 81 2 38 2
1005 10016 4 99 1 92 6
1005 10016 4 78 2 60 7
1005 10016 4 55 2 71 4
1005 10016 4 32 7 57 7
1005 10016 4 1 6 85 2
1005 10016 4 70 4 53 2
1005 10016 4 99 2 57 2
1005 10016 4 85 4 46 2
1005 10016 4 87 7 81 5
1005 10016 4 57 2 42 2
1005 10016 4 7 4 46 7
1005 10016 4 57 2 49 6
1005 10016 4 95 3 50 5
1005 10016 4 55 4 94 4
1005 10016 4 19 7 99 4
1005 10016 4 46 7 60 7
1005 10016 4 73 2 16 5
1005 10016 4 98 2 11 1
1005 10016 4 10 5 46 0
1005 10016 4 48 7 65 4
1005 10016 4 68 7 42 2
1005 10016 4 10 7 7 2
1005 10016 4 52 7 16 5
1005 10016 4 99 1 13 1
1005 10016 4 95 4 60 2
1005 10016 4 61 3 38 4
1005 10016 4 98 7 17 1
1005 10016 4 60 4 45 5
1005 10016 4 61 3 81 0
1005 10016 4 68 2 19 2
1005 10016 4 46 2 56 4
1005 10016 4 71 4 38 4
1005 10016 4 17 1 40 5
1005 10016 4 60 2 45 3
1005 10016 4 88 5 40 7
1005 10016 4 60 2 50 6
1005 10016 4 73 7 53 2
1005 10016 4 32 7 26 0
1005 10016 4 7 5 56 2
1005 10016 4 87 2 52 7
1005 10016 4 84 7 64 5
1005 10016 4 60 2 23 7
1005 10016 4 73 4 71 4
1005 10016 4 88 5 57 7
1005 10016 4 15 0 85 3
1005 10016 4 70 4 61 3
1005 10016 4 58 5 49 6
1005 10016 4 10 0 95 3
1005 10016 4 26 0 49 6
1005 10016 4 23 7 85 3
1005 10016 4 44 4 11 1
1005 10016 4 47 2 20 3
1005 10016 4 87 0 38 7
1005 10016 4 25 4 84 0
1005 10016 4 46 0 85 4
1005 10016 4 53 7 94 4
1005 10016 4 44 7 40 6
1005 10016 4 60 4 56 3
1005 10016 4 38 2 16 3
1005 10016 4 68 0 64 7
1005 10016 4 10 5 20 3
1005 10016 4 70 4 52 4
1005 10016 4 98 2 19 6
1005 10016 4 15 0 45 5
1005 10016 4 55 3 81 7
1005 10016 4 11 0 11 1
1005 10016 4 13 0 13 1
1005 10016 4 17 1 17 0
1005 10016 4 19 7 19 0
1005 10016 4 25 2 25 4
1005 10016 4 26 6 26 0
1005 10016 4 32 2 32 7
1005 10016 4 40 2 40 5
1005 10016 4 41 7 41 6
1005 10016 4 42 5 42 2
1005 10016 4 44 6 44 0
1005 10016 4 49 5 49 6
1005 10016 4 57 7 57 2
1005 10016 4 58 5 58 2
1005 10016 4 64 0 64 7
1005 10016 4 68 0 68 2
1005 10016 4 84 0 84 7
1005 10016 4 88 5 88 2
1005 10016 4 92 6 92 0
1005 10016 4 98 2 98 1
1005 10016 4 99 2 99 4
1005 10016 4 1 4 1 3
1005 10016 4 7 5 7 3
1005 10016 4 10 0 10 7
1005 10016 4 15 2 15 0
1005 10016 4 20 7 20 6
1005 10016 4 23 7 23 6
1005 10016 4 45 2 45 3
1005 10016 4 46 0 46 2
1005 10016 4 47 5 47 7
1005 10016 4 50 2 50 5
1005 10016 4 56 6 56 4
1005 10016 4 60 7 60 4
1005 10016 4 78 4 78 7
1005 10016 4 85 2 85 3
1005 10016 4 95 4 95 3
1005 10016 4 9 2 9 7
1005 10016 4 16 3 16 7
1005 10016 4 38 4 38 2
1005 10016 4 48 7 48 2
1005 10016 4 52 3 52 4
1005 10016 4 53 2 53 7
1005 10016 4 55 7 55 4
1005 10016 4 61 7 61 3
1005 10016 4 65 7 65 3
1005 10016 4 70 4 70 4
1005 10016 4 71 4 71 4
1005 10016 4 73 7 73 3
1005 10016 4 81 0 81 7
1005 10016 4 87 0 87 7
1005 10016 4 94 4 94 4
1005 10016 4 25 0 84 0
1005 10016 4 98 1 11 1
1005 10016 4 19 2 64 2
1005 10016 4 99 3 98 3
1005 10016 4 44 4 98 4
1005 10016 4 25 5 32 5
1005 10016 4 40 6 11 6
1005 10016 4 25 7 19 7
1005 10016 4 46 0 15 0
1005 10016 4 10 1 10 1
1005 10016 4 85 2 10 2
1005 10016 4 78 3 1 3
1005 10016 4 1 4 7 4
1005 10016 4 1 5 78 5
1005 10016 4 15 6 1 6
1005 10016 4 50 7 56 7
1005 10016 4 81 0 87 0
1005 10016 4 38 2 48 2
1005 10016 4 52 3 55 3
1005 10016 4 16 4 65 4
1005 10016 4 87 5 16 5
1005 10016 4 81 6 81 6
1005 10016 4 73 7 38 7
1005 10016 4 84 0 92 6
1005 10016 4 46 0 78 4
1005 10016 4 55 4 38 7
1005 10016 4 11 0 25 4
1005 10016 4 46 2 45 2
1005 10016 4 48 2 87 2
1005 10016 4 68 2 32 5
1005 10016 4 52 2 16 7
1005 10016 4 19 0 32 6
1005 10016 4 85 3 56 7
1005 10016 4 88 7 49 6
1005 10016 4 60 2 78 5
1005 10016 4 73 3 55 2
1005 10016 4 42 5 98 1
1005 10016 4 47 5 78 3
1005 10016 4 48 2 55 3
1005 10016 4 19 2 25 4
1005 10016 4 85 2 7 5
1005 10016 4 26 0 92 6
1005 10016 4 78 4 23 2
1005 10016 4 70 4 73 2
1005 10016 4 98 7 42 5
1005 10016 4 47 5 56 7
1005 10016 4 65 4 16 7
1005 10016 4 57 7 11 0
1005 10016 4 47 2 56 6
1005 10016 4 55 4 65 7
1005 10016 4 40 5 19 5
1005 10016 4 15 2 85 3
1005 10016 4 70 4 38 2
1005 10016 4 26 6 41 2
1005 10016 4 45 6 50 5
1005 10016 4 16 3 38 2
1005 10016 4 68 2 11 6
1005 10016 4 56 6 10 2
1005 10016 4 70 4 55 7
1005 10016 4 99 7 17 0
1005 10016 4 50 7 56 4
1005 10016 4 73 7 65 3
1005 10016 4 88 2 49 7
1005 10016 4 47 2 23 2
1005 10016 4 49 5 42 5
1005 10016 4 46 2 50 7
1005 10016 4 61 4 81 5
1005 10016 4 92 6 49 5
1005 10016 4 56 7 95 4
1005 10016 4 55 4 70 4
1005 10016 4 13 0 64 5
1005 10016 4 61 3 73 3
1005 10016 4 99 1 84 2
1005 10016 4 47 5 15 6
1005 10016 4 52 4 55 7
1005 10016 4 32 6 57 2
1005 10016 4 7 3 45 2
1005 10016 4 65 7 94 4
1005 10016 4 58 5 17 1
1005 10016 4 85 5 20 3
1005 10016 4 53 2 94 4
1005 10016 4 40 5 19 2
1005 10016 4 23 2 46 7
1005 10016 4 68 7 98 3
1005 10016 4 78 5 46 0
1005 10016 4 71 4 94 4
1005 10016 4 26 0 58 6
1005 10016 4 60 7 85 3
1005 10016 4 9 2 81 7
1005 10016 4 57 5 49 5
1005 10016 4 23 7 20 7
1005 10016 4 94 4 71 4
1005 10016 4 17 1 44 4
1005 10016 4 85 2 20 3
1005 10016 4 61 7 87 5
1005 10016 4 68 2 98 3
1005 10016 4 85 2 47 2
1005 10016 4 48 2 73 2
1005 10016 4 84 0 40 5
1005 10016 4 45 7 10 7
1005 10016 4 52 2 61 4
1005 10016 4 26 1 58 6
1005 10016 4 56 2 46 2
1005 10016 4 41 7 25 0
1005 10016 4 60 7 23 6
1005 10016 4 17 1 13 0
1005 10016 4 60 7 20 3
1005 10016 4 73 3 70 4
1005 10016 4 64 7 13 0
1005 10016 4 15 0 47 5
1005 10016 4 52 4 70 4
1005 10016 4 57 2 44 0
1005 10016 4 23 7 10 1
1005 10016 4 88 7 68 7
1005 10016 4 85 2 78 4
1005 10016 4 17 0 99 4
1005 10016 4 45 6 15 0
1005 10016 4 53 7 70 4
1005 10016 4 57 7 42 5
1005 10016 4 15 0 50 5
1005 10016 4 73 3 52 7
1005 10016 4 25 4 57 2
1005 10016 4 45 4 50 2
1005 10016 4 81 5 53 2
1005 10016 4 92 0 98 3
1005 10016 4 85 3 95 4
1005 10016 4 99 4 11 0
1005 10016 4 50 2 56 2
1005 10016 4 81 6 38 3
1005 10016 4 99 3 25 4
1005 10016 4 1 5 85 4
1005 10016 4 48 4 9 2
1005 10016 4 40 7 26 1
1005 10016 4 7 4 1 2
1005 10016 4 70 4 48 2
1005 10016 4 84 0 92 1
1005 10016 4 78 5 60 7
1005 10016 4 88 5 13 0
1005 10016 4 46 0 56 2
1005 10016 4 55 4 16 2
1005 10016 4 49 5 13 0
1005 10016 4 1 6 15 2
1005 10016 4 53 2 81 0
1005 10016 4 45 7 56 7
1005 10016 4 73 4 65 7
1005 10016 4 68 2 40 5
1005 10016 4 15 2 1 6
1005 10016 4 38 2 81 6
1005 10016 4 84 0 32 2
1005 10016 4 15 0 20 7
1005 10016 4 38 7 87 5
1005 10016 4 42 5 84 2
1005 10016 4 20 3 46 0
1005 10016 4 70 4 73 3
1005 10016 4 26 6 57 7
1005 10016 4 45 7 47 2
1005 10016 4 71 4 48 4
1005 10016 4 58 6 25 7
1005 10016 4 20 6 78 2
1005 10016 4 9 4 38 4
1005 10016 4 25 0 64 5
1005 10016 4 7 5 45 3
1005 10016 4 38 2 71 4
1005 10016 4 19 7 58 7
1005 10016 4 95 3 10 6
1005 10016 4 55 7 52 7
1005 10016 4 58 5 32 6
1005 10016 4 56 2 78 5
1005 10016 4 38 4 73 4
1005 10016 4 99 7 17 1
1005 10016 4 95 4 7 5
1005 10016 4 16 3 81 5
1005 10016 4 64 2 84 2
1005 10016 4 47 2 46 7
1005 10016 4 65 7 52 7
1005 10016 4 32 6 44 4
1005 10016 4 78 3 20 3
1005 10016 4 84 2 88 5
1005 10016 4 56 7 1 3
1005 10016 4 53 7 71 4
1005 10016 4 44 5 42 2
1005 10016 4 50 2 10 1
1005 10016 4 81 5 9 4
1005 10016 4 17 1 42 5
1005 10016 4 50 2 23 2
1005 10016 4 73 4 81 5
1005 10016 4 49 7 99 3
1005 10016 4 46 0 85 3
1005 10016 4 73 2 53 2
1005 10016 4 58 7 13 1
1005 10016 4 60 4 7 3
1005 10016 4 55 3 61 2
1005 10016 4 57 5 44 7
1005 10016 4 95 3 15 0
1005 10016 4 61 7 70 4
1005 10016 4 57 7 58 6
1005 10016 4 60 4 15 2
1005 10016 4 55 2 38 7
1005 10016 4 42 2 19 7
1005 10016 4 95 4 56 6
1005 10016 4 71 4 55 7
1005 10016 4 98 1 68 0
1005 10016 4 10 6 46 7
1005 10016 4 92 6 13 1
1005 10016 4 20 6 10 7
1005 10016 4 61 2 94 4
1005 10016 4 98 4 58 5
1005 10016 4 60 2 10 7
1005 10016 4 38 3 52 3
1005 10016 4 40 5 57 7
1005 10016 4 53 2 65 4
1005 10016 4 60 4 15 7
1005 10016 4 19 5 40 6
1005 10016 4 47 2 78 2
1005 10016 4 9 7 53 7
1005 10016 4 11 6 11 1
1005 10016 4 19 6 19 2
1005 10016 4 25 6 25 4
1005 10016 4 26 6 26 1
1005 10016 4 32 2 32 5
1005 10016 4 40 2 40 6
1005 10016 4 41 0 41 6
1005 10016 4 44 6 44 5
1005 10016 4 49 2 49 6
1005 10016 4 57 5 57 2
1005 10016 4 58 5 58 7
1005 10016 4 64 7 64 2
1005 10016 4 68 7 68 0
1005 10016 4 88 2 88 7
1005 10016 4 92 6 92 1
1005 10016 4 98 3 98 4
1005 10016 4 1 3 1 2
1005 10016 4 7 4 7 2
1005 10016 4 10 7 10 2
1005 10016 4 15 2 15 7
1005 10016 4 20 6 20 7
1005 10016 4 23 2 23 6
1005 10016 4 45 3 45 7
1005 10016 4 46 2 46 7
1005 10016 4 50 6 50 5
1005 10016 4 56 7 56 2
1005 10016 4 78 2 78 3
1005 10016 4 85 2 85 4
1005 10016 4 95 3 95 4
1005 10016 4 9 7 9 2
1005 10016 4 16 4 16 5
1005 10016 4 38 7 38 3
1005 10016 4 48 2 48 7
1005 10016 4 52 7 52 4
1005 10016 4 55 2 55 3
1005 10016 4 61 4 61 2
1005 10016 4 65 4 65 3
1005 10016 4 73 7 73 2
1005 10016 4 81 6 81 2
1005 10016 4 87 2 87 7
1005 10016 4 26 0 92 0
1005 10016 4 92 1 13 1
1005 10016 4 58 2 88 2
1005 10016 4 98 3 99 3
1005 10016 4 44 4 25 4
1005 10016 4 88 5 32 5
1005 10016 4 26 6 32 6
1005 10016 4 25 7 41 7
1005 10016 4 46 0 10 0
1005 10016 4 45 2 50 2
1005 10016 4 1 3 7 3
1005 10016 4 56 4 60 4
1005 10016 4 78 5 45 5
1005 10016 4 23 6 56 6
1005 10016 4 15 7 20 7
1005 10016 4 16 3 65 3
1005 10016 4 55 4 71 4
1005 10016 4 81 5 87 5
1005 10016 4 65 7 9 7
1005 10016 4 98 2 92 1
1005 10016 4 7 4 47 2
1005 10016 4 87 2 70 4
1005 10016 4 98 2 88 7
1005 10016 4 20 7 23 2
1005 10016 4 16 2 61 4
1005 10016 4 99 7 11 6
1005 10016 4 95 3 50 4
1005 10016 4 98 2 44 4
1005 10016 4 46 7 7 5
1005 10016 4 53 7 48 4
1005 10016 4 17 0 99 7
1005 10016 4 45 5 7 2
1005 10016 4 48 7 38 3
1005 10016 4 17 1 32 6
1005 10016 4 60 2 45 2
1005 10016 4 84 0 41 6
1005 10016 4 60 4 56 7
1005 10016 4 81 0 73 4
1005 10016 4 88 2 99 1
1005 10016 4 94 4 61 7
1005 10016 4 84 7 58 6
1005 10016 4 46 7 45 2
1005 10016 4 94 4 55 7
1005 10016 4 41 7 26 0
1005 10016 4 56 7 10 1
1005 10016 4 84 0 17 0
1005 10016 4 15 0 78 2
1005 10016 4 16 3 55 4
1005 10016 4 58 5 25 4
1005 10016 4 20 6 1 6
1005 10016 4 38 4 65 4
1005 10016 4 19 2 13 1
1005 10016 4 78 3 20 2
1005 10016 4 70 4 55 2
1005 10016 4 32 5 17 1
1005 10016 4 45 7 95 3
1005 10016 4 70 4 48 4
1005 10016 4 40 5 41 2
1005 10016 4 47 7 56 2
1005 10016 4 49 5 17 1
1005 10016 4 56 7 47 2
1005 10016 4 48 7 87 7
1005 10016 4 68 2 32 2
1005 10016 4 10 6 78 7
1005 10016 4 99 2 84 7
1005 10016 4 56 6 78 7
1005 10016 4 16 2 55 7
1005 10016 4 58 5 44 0
1005 10016 4 95 4 1 2
1005 10016 4 71 4 81 6
1005 10016 4 41 6 84 0
1005 10016 4 46 2 78 5
1005 10016 4 55 2 81 5
1005 10016 4 26 6 58 2
1005 10016 4 60 2 56 7
1005 10016 4 81 6 61 4
1005 10016 4 68 7 41 7
1005 10016 4 78 4 85 3
1005 10016 4 52 4 94 4
1005 10016 4 64 5 13 1
1005 10016 4 85 5 47 5
1005 10016 4 16 5 70 4
1005 10016 4 88 5 92 6
1005 10016 4 15 6 10 1
1005 10016 4 87 0 94 4
1005 10016 4 42 2 32 7
1005 10016 4 45 7 23 6
1005 10016 4 70 4 16 7
1005 10016 4 41 6 11 6
1005 10016 4 23 2 7 3
1005 10016 4 49 5 58 2
1005 10016 4 7 2 85 5
1005 10016 4 73 4 48 2
1005 10016 4 44 5 92 1
1005 10016 4 15 6 23 6
1005 10016 4 73 3 55 3
1005 10016 4 68 2 41 7
1005 10016 4 85 2 47 7
1005 10016 4 61 3 87 7
1005 10016 4 99 7 92 1
1005 10016 4 15 0 46 7
1005 10016 4 73 3 71 4
1005 10016 4 40 2 57 2
1005 10016 4 1 4 45 7
1005 10016 4 52 2 94 4
1005 10016 4 44 6 98 2
1005 10016 4 1 6 50 7
1005 10016 4 48 2 53 7
1005 10016 4 44 5 98 1
1005 10016 4 45 3 20 7
1005 10016 4 65 7 48 7
1005 10016 4 49 2 25 4
1005 10016 4 20 2 60 4
1005 10016 4 48 4 70 4
1005 10016 4 49 6 17 1
1005 10016 4 7 4 20 3
1005 10016 4 70 4 52 3
1005 10016 4 88 7 57 2
1005 10016 4 60 4 85 4
1005 10016 4 38 3 70 4
1005 10016 4 88 7 17 0
1005 10016 4 95 3 7 2
1005 10016 4 55 7 73 4
1005 10016 4 84 7 25 0
1005 10016 4 85 2 78 3
1005 10016 4 38 2 70 4
1005 10016 4 99 1 44 7
1005 10016 4 23 6 47 7
1005 10016 4 25 2 58 2
1005 10016 4 45 2 78 3
1005 10016 4 65 2 94 4
1005 10016 4 92 1 68 7
1005 10016 4 20 2 23 6
1005 10016 4 48 2 61 7
1005 10016 4 64 2 19 5
1005 10016 4 46 2 60 7
1005 10016 4 73 4 9 2
1005 10016 4 26 6 57 2
1005 10016 4 15 7 56 3
1005 10016 4 16 7 65 4
1005 10016 4 58 2 32 5
1005 10016 4 50 2 1 4
1005 10016 4 94 4 52 2
1005 10016 4 42 5 25 0
1005 10016 4 47 2 56 7
1005 10016 4 16 2 70 4
1005 10016 4 98 2 41 6
1005 10016 4 7 5 15 2
1005 10016 4 61 7 87 2
1005 10016 4 19 0 98 7
1005 10016 4 23 2 7 2
1005 10016 4 61 4 73 2
1005 10016 4 68 7 13 0
1005 10016 4 47 5 95 3
1005 10016 4 53 2 38 2
1005 10016 4 44 0 25 6
1005 10016 4 7 2 95 4
1005 10016 4 38 2 53 2
1005 10016 4 92 6 99 3
1005 10016 4 50 2 45 2
1005 10016 4 55 7 53 2
1005 10016 4 58 7 49 5
1005 10016 4 23 2 45 5
1005 10016 4 55 3 65 4
1005 10016 4 41 7 32 5
1005 10016 4 7 5 46 7
1005 10016 4 94 4 52 4
1005 10016 4 17 0 58 6
1005 10016 4 95 4 50 5
1005 10016 4 87 2 48 7
1005 10016 4 64 7 84 7
1005 10016 4 15 0 85 4
1005 10016 4 65 4 52 7
1005 10016 4 19 2 99 1
1005 10016 4 23 2 45 3
1005 10016 4 61 3 52 3
1005 10016 4 58 7 88 7
1005 10016 4 87 7 73 4
1005 10016 4 57 7 19 5
1005 10016 4 47 2 1 4
1005 10016 4 94 4 73 3
1005 10016 4 44 4 26 1
1005 10016 4 1 5 15 2
1005 10016 4 16 2 38 7
1005 10016 4 41 0 26 6
1005 10016 4 47 2 60 7
1005 10016 4 16 5 94 4
1005 10016 4 98 2 44 5
1005 10016 4 85 4 78 7
1005 10016 4 65 7 81 2
1005 10016 4 46 2 78 3
1005 10016 4 53 7 61 7
1005 10016 4 58 2 26 6
1005 10016 4 56 2 15 7
1005 10016 4 52 4 81 5
1005 10016 4 88 7 98 3
1005 10016 4 60 4 23 7
1005 10016 4 78 4 50 7
1005 10016 4 61 4 16 7
1005 10016 4 42 2 98 3
1005 10016 4 85 3 7 4
1005 10016 4 38 2 65 7
1005 10016 4 98 1 25 4
1005 10016 4 85 2 60 7
1005 10016 4 55 2 38 3
1005 10016 4 13 0 40 6
1005 10016 4 7 5 20 7
1005 10016 4 65 7 71 4
1005 10016 4 19 6 42 2
1005 10016 4 78 5 47 5
1005 10016 4 73 7 52 7
1005 10016 4 98 2 13 0
1005 10016 4 45 7 15 0
1005 10016 4 16 7 38 2
1005 10016 4 64 5 17 1
1005 10016 4 20 3 60 2
1005 10016 4 70 4 52 7
1005 10016 4 11 6 11 0
1005 10016 4 25 0 25 7
1005 10016 4 26 0 26 1
1005 10016 4 40 6 40 7
1005 10016 4 41 2 41 6
1005 10016 4 44 0 44 6
1005 10016 4 49 2 49 5
1005 10016 4 57 7 57 5
1005 10016 4 58 6 58 2
1005 10016 4 64 5 64 7
1005 10016 4 84 7 84 0
1005 10016 4 88 7 88 2
1005 10016 4 98 2 98 7
1005 10016 4 99 4 99 1
1005 10016 4 1 5 1 3
1005 10016 4 7 3 7 4
1005 10016 4 10 1 10 0
1005 10016 4 15 0 15 7
1005 10016 4 20 2 20 7
1005 10016 4 23 7 23 2
1005 10016 4 45 6 45 3
1005 10016 4 46 0 46 7
1005 10016 4 47 7 47 2
1005 10016 4 50 6 50 7
1005 10016 4 60 4 60 2
1005 10016 4 78 7 78 2
1005 10016 4 85 5 85 3
1005 10016 4 9 3 9 7
1005 10016 4 38 2 38 7
1005 10016 4 48 4 48 7
1005 10016 4 52 2 52 7
1005 10016 4 53 7 53 2
1005 10016 4 55 3 55 7
1005 10016 4 61 2 61 7
1005 10016 4 65 4 65 7
1005 10016 4 81 6 81 0
1005 10016 4 87 2 87 5
1005 10016 4 41 0 17 0
1005 10016 4 26 1 99 1
1005 10016 4 25 2 40 2
1005 10016 4 99 4 98 4
1005 10016 4 40 5 44 5
1005 10016 4 92 6 58 6
1005 10016 4 49 7 44 7
1005 10016 4 15 0 46 0
1005 10016 4 20 3 45 3
1005 10016 4 78 4 95 4
1005 10016 4 78 5 1 5
1005 10016 4 23 6 50 6
1005 10016 4 60 7 23 7
1005 10016 4 87 0 81 0
1005 10016 4 73 2 48 2
1005 10016 4 52 3 16 3
1005 10016 4 73 4 52 4
1005 10016 4 81 5 16 5
1005 10016 4 87 7 55 7
1005 10016 4 98 2 99 1
1005 10016 4 85 2 46 2
1005 10016 4 73 7 70 4
1005 10016 4 49 6 57 2
1005 10016 4 78 5 85 4
1005 10016 4 65 3 73 4
1005 10016 4 41 2 32 7
1005 10016 4 47 2 50 7
1005 10016 4 64 7 49 7
1005 10016 4 20 6 46 0
1005 10016 4 48 4 71 4
1005 10016 4 49 7 98 1
1005 10016 4 78 3 60 7
1005 10016 4 50 4 45 5
1005 10016 4 73 4 55 3
1005 10016 4 26 1 58 7
1005 10016 4 47 7 60 4
1005 10016 4 32 2 57 5
1005 10016 4 23 7 46 2
1005 10016 4 87 0 65 3
1005 10016 4 13 0 26 1
1005 10016 4 78 4 60 4
1005 10016 4 64 2 92 1
1005 10016 4 23 6 78 2
1005 10016 4 65 3 9 3
1005 10016 4 32 2 11 1
1005 10016 4 50 6 20 2
1005 10016 4 48 4 87 7
1005 10016 4 13 0 98 2
1005 10016 4 47 2 7 3
1005 10016 4 94 4 55 3
1005 10016 4 26 1 17 0
1005 10016 4 60 2 95 4
1005 10016 4 81 6 65 2
1005 10016 4 88 5 92 1
1005 10016 4 20 7 60 7
1005 10016 4 65 2 73 4
1005 10016 4 98 7 40 6
1005 10016 4 7 4 1 7
1005 10016 4 81 0 38 4
1005 10016 4 26 1 68 7
1005 10016 4 95 3 7 3
1005 10016 4 87 5 9 2
1005 10016 4 92 0 68 2
1005 10016 4 60 2 20 2
1005 10016 4 71 4 52 4
1005 10016 4 17 1 49 6
1005 10016 4 10 7 1 5
1005 10016 4 98 7 49 2
1005 10016 4 85 2 10 5
1005 10016 4 94 4 9 3
1005 10016 4 17 0 42 2
1005 10016 4 10 5 60 4
1005 10016 4 38 4 71 4
1005 10016 4 26 6 40 5
1005 10016 4 47 2 46 2
1005 10016 4 9 3 53 2
1005 10016 4 95 3 45 3
1005 10016 4 55 2 16 3
1005 10016 4 19 6 64 5
1005 10016 4 10 5 7 5
1005 10016 4 81 2 53 7
1005 10016 4 41 2 11 6
1005 10016 4 78 4 95 3
1005 10016 4 16 3 65 7
1005 10016 4 84 2 40 7
1005 10016 4 46 7 78 7
1005 10016 4 81 0 73 2
1005 10016 4 84 2 41 7
1005 10016 4 53 2 73 3
1005 10016 4 58 2 11 0
1005 10016 4 64 7 32 7
1005 10016 4 47 2 10 0
1005 10016 4 26 6 98 2
1005 10016 4 46 0 78 3
1005 10016 4 65 3 94 4
1005 10016 4 40 7 58 2
1005 10016 4 95 3 20 3
1005 10016 4 26 6 64 2
1005 10016 4 56 3 1 2
1005 10016 4 61 2 55 2
1005 10016 4 40 6 17 0
1005 10016 4 10 1 46 2
1005 10016 4 55 3 73 3
1005 10016 4 92 1 98 1
1005 10016 4 15 2 60 4
1005 10016 4 94 4 61 4
1005 10016 4 13 1 49 6
1005 10016 4 60 4 20 3
1005 10016 4 52 2 70 4
1005 10016 4 94 4 65 7
1005 10016 4 32 2 44 0
1005 10016 4 1 6 23 7
1005 10016 4 81 7 61 7
1005 10016 4 84 0 88 2
1005 10016 4 23 2 47 7
1005 10016 4 70 4 81 7
1005 10016 4 40 5 92 6
1005 10016 4 60 4 10 0
1005 10016 4 61 2 53 2
1005 10016 4 98 2 40 6
1005 10016 4 78 2 46 0
1005 10016 4 99 1 92 1
1005 10016 4 45 6 60 7
1005 10016 4 71 4 38 2
1005 10016 4 49 7 84 7
1005 10016 4 78 7 85 3
1005 10016 4 73 3 53 2
1005 10016 4 44 5 26 0
1005 10016 4 23 6 60 2
1005 10016 4 53 2 16 5
1005 10016 4 19 5 68 0
1005 10016 4 45 7 46 2
1005 10016 4 88 2 25 5
1005 10016 4 7 4 60 2
1005 10016 4 52 3 53 2
1005 10016 4 84 0 32 7
1005 10016 4 81 7 52 3
1005 10016 4 88 5 17 0
1005 10016 4 50 5 60 2
1005 10016 4 81 0 65 3
1005 10016 4 84 0 32 6
1005 10016 4 50 7 46 0
1005 10016 4 38 2 55 7
1005 10016 4 32 5 44 5
1005 10016 4 50 7 46 7
1005 10016 4 70 4 94 4
1005 10016 4 11 6 98 2
1005 10016 4 1 2 10 5
1005 10016 4 65 2 9 4
1005 10016 4 68 0 19 2
1005 10016 4 7 3 15 7
1005 10016 4 52 2 48 2
1005 10016 4 19 2 84 2
1005 10016 4 78 3 10 5
1005 10016 4 53 7 61 4
1005 10016 4 32 6 13 1
1005 10016 4 78 2 1 5
1005 10016 4 94 4 61 3
1005 10016 4 98 1 26 6
1005 10016 4 52 3 71 4
1005 10016 4 19 5 84 7
1005 10016 4 46 7 47 5
1005 10016 4 61 7 16 5
1005 10016 4 49 6 32 6
1005 10016 4 10 7 85 2
1005 10016 4 71 4 73 2
1005 10016 4 88 5 64 2
1005 10016 4 85 2 95 4
1005 10016 4 73 7 16 4
1005 10016 4 64 2 40 6
1005 10016 4 95 3 20 6
1005 10016 4 38 7 9 4
1005 10016 4 58 7 19 6
1005 10016 4 45 5 20 7
1005 10016 4 61 3 9 2
1005 10016 4 84 2 98 7
1005 10016 4 1 4 47 5
1005 10016 4 94 4 87 5
1005 10016 4 26 1 57 7
1005 10016 4 45 6 60 2
1005 10016 4 9 3 38 4
1005 10016 4 98 4 42 5
1005 10016 4 45 6 47 7
1005 10016 4 85 2 1 4
1005 10016 4 48 2 52 4
1005 10016 4 57 2 19 7
1005 10016 4 1 4 50 6
1005 10016 4 71 4 53 2
1005 10016 4 57 7 44 7
1005 10016 4 87 5 52 2
1005 10016 4 50 5 47 2
1005 10016 4 84 2 58 6
1005 10016 4 57 5 42 2
1005 10016 4 78 3 47 7
1005 10016 4 9 7 81 2
1005 10016 4 26 1 25 2
1005 10016 4 85 4 7 2
1005 10016 4 40 5 98 4
1005 10016 4 78 3 10 1
1005 10016 4 40 6 49 6
1005 10016 4 95 4 78 2
1005 10016 4 11 1 11 6
1005 10016 4 13 1 13 0
1005 10016 4 17 0 17 1
1005 10016 4 19 7 19 2
1005 10016 4 25 4 25 6
1005 10016 4 26 1 26 0
1005 10016 4 40 7 40 5
1005 10016 4 41 6 41 2
1005 10016 4 42 2 42 5
1005 10016 4 44 2 44 4
1005 10016 4 49 5 49 2
1005 10016 4 57 2 57 7
1005 10016 4 58 2 58 5
1005 10016 4 64 2 64 7
1005 10016 4 68 0 68 7
1005 10016 4 84 0 84 2
1005 10016 4 99 3 99 2
1005 10016 4 1 3 1 5
1005 10016 4 7 4 7 5
1005 10016 4 10 7 10 5
1005 10016 4 15 6 15 2
1005 10016 4 20 6 20 3
1005 10016 4 23 6 23 2
1005 10016 4 45 2 45 7
1005 10016 4 50 7 50 6
1005 10016 4 56 2 56 4
1005 10016 4 85 3 85 4
1005 10016 4 16 7 16 5
1005 10016 4 38 7 38 4
1005 10016 4 52 4 52 7
1005 10016 4 55 4 55 7
1005 10016 4 61 2 61 4
1005 10016 4 65 2 65 7
1005 10016 4 81 5 81 7
1005 10016 4 87 2 87 0
