1017 1003 0 44 6 42 2
1017 1003 0 60 2 46 2
1017 1003 0 68 0 32 5
1017 1003 0 45 7 60 4
1017 1003 0 13 1 92 1
1017 1003 0 15 7 56 7
1017 1003 0 68 7 88 5
1017 1003 0 60 2 47 7
1017 1003 0 11 6 99 4
1017 1003 0 15 7 10 7
1017 1003 0 32 6 25 5
1017 1003 0 56 6 10 2
1017 1003 0 64 7 17 1
1017 1003 0 78 4 45 5
1017 1003 0 98 4 49 5
1017 1003 0 10 5 7 2
1017 1003 0 13 0 98 7
1017 1003 0 10 5 95 4
1017 1003 0 42 2 49 7
1017 1003 0 85 3 46 7
1017 1003 0 41 0 92 6
1017 1003 0 56 2 23 2
1017 1003 0 19 2 17 0
1017 1003 0 78 4 95 4
1017 1003 0 92 1 11 1
1017 1003 0 56 4 78 5
1017 1003 0 17 0 49 7
1017 1003 0 50 7 1 4
1017 1003 0 49 7 44 6
1017 1003 0 78 7 47 5
1017 1003 0 68 7 40 6
1017 1003 0 7 3 95 3
1017 1003 0 84 2 41 6
1017 1003 0 45 5 15 2
1017 1003 0 32 5 92 1
1017 1003 0 1 3 10 5
1017 1003 0 13 1 42 2
1017 1003 0 45 7 95 4
1017 1003 0 44 4 40 5
1017 1003 0 56 4 45 5
1017 1003 0 13 0 98 1
1017 1003 0 47 2 23 6
1017 1003 0 13 0 17 0
1017 1003 0 23 2 10 7
1017 1003 0 49 6 32 7
1017 1003 0 56 7 15 2
1017 1003 0 99 4 49 7
1017 1003 0 47 5 1 2
1017 1003 0 32 5 11 0
1017 1003 0 47 2 46 7
1017 1003 0 41 6 42 5
1017 1003 0 23 2 7 5
1017 1003 0 13 1 32 6
1017 1003 0 85 3 1 2
1017 1003 0 42 2 41 0
1017 1003 0 20 7 78 4
1017 1003 0 98 2 64 2
1017 1003 0 23 2 45 3
1017 1003 0 99 2 57 2
1017 1003 0 95 4 23 7
1017 1003 0 88 5 13 0
1017 1003 0 95 4 85 5
1017 1003 0 26 1 49 5
1017 1003 0 78 3 47 7
1017 1003 0 19 6 57 7
1017 1003 0 15 2 78 5
1017 1003 0 64 2 57 2
1017 1003 0 56 7 85 4
1017 1003 0 68 0 26 6
1017 1003 0 60 7 56 6
1017 1003 0 58 5 57 2
1017 1003 0 56 6 20 2
1017 1003 0 41 2 40 6
1017 1003 0 1 3 45 6
1017 1003 0 17 1 92 1
1017 1003 0 95 4 78 5
1017 1003 0 49 2 88 2
1017 1003 0 47 5 46 7
1017 1003 0 68 7 88 7
1017 1003 0 95 3 7 4
1017 1003 0 58 6 84 7
1017 1003 0 46 0 10 7
1017 1003 0 68 0 17 0
1017 1003 0 20 3 78 2
1017 1003 0 32 2 13 1
1017 1003 0 56 4 7 3
1017 1003 0 99 2 98 1
1017 1003 0 60 7 20 2
1017 1003 0 68 2 44 4
1017 1003 0 46 2 78 7
1017 1003 0 44 4 98 7
1017 1003 0 60 7 10 0
1017 1003 0 17 0 49 6
1017 1003 0 60 4 7 4
1017 1003 0 25 6 32 5
1017 1003 0 10 2 78 7
1017 1003 0 99 7 92 6
1017 1003 0 20 7 47 7
1017 1003 0 26 0 57 7
1017 1003 0 45 5 1 6
1017 1003 0 13 0 32 7
1017 1003 0 46 0 50 5
1017 1003 0 99 7 26 6
1017 1003 0 46 7 10 2
1017 1003 0 84 2 99 2
1017 1003 0 78 4 47 5
1017 1003 0 85 3 50 2
1017 1003 0 17 1 49 2
1017 1003 0 78 5 10 0
1017 1003 0 26 0 44 4
1017 1003 0 45 5 78 4
1017 1003 0 99 4 98 7
1017 1003 0 85 4 60 2
1017 1003 0 13 0 44 7
1017 1003 0 20 3 7 5
1017 1003 0 84 7 49 2
1017 1003 0 85 3 15 6
1017 1003 0 13 0 17 1
1017 1003 0 45 7 10 0
1017 1003 0 26 1 99 7
1017 1003 0 78 5 47 2
1017 1003 0 99 7 98 7
1017 1003 0 50 4 7 5
1017 1003 0 40 6 68 2
1017 1003 0 47 5 56 3
1017 1003 0 92 0 68 0
1017 1003 0 56 6 85 5
1017 1003 0 92 6 99 2
1017 1003 0 23 2 7 4
1017 1003 0 40 5 44 5
1017 1003 0 10 1 7 2
1017 1003 0 64 2 41 7
1017 1003 0 23 6 85 5
1017 1003 0 26 6 64 2
1017 1003 0 7 3 56 6
1017 1003 0 40 5 49 6
1017 1003 0 85 3 45 6
1017 1003 0 10 1 85 4
1017 1003 0 32 7 11 0
1017 1003 0 46 0 78 2
1017 1003 0 64 7 19 7
1017 1003 0 60 7 47 2
1017 1003 0 64 5 25 2
1017 1003 0 85 5 56 2
1017 1003 0 26 6 64 5
1017 1003 0 10 7 1 6
1017 1003 0 92 0 98 1
1017 1003 0 1 2 46 2
1017 1003 0 64 7 58 2
1017 1003 0 47 2 23 2
1017 1003 0 99 7 42 5
1017 1003 0 46 7 56 7
1017 1003 0 49 7 98 1
1017 1003 0 10 7 45 6
1017 1003 0 17 0 26 6
1017 1003 0 47 5 85 3
1017 1003 0 19 5 25 4
1017 1003 0 23 7 1 5
1017 1003 0 11 1 42 2
1017 1003 0 85 4 56 3
1017 1003 0 57 7 84 2
1017 1003 0 85 2 45 6
1017 1003 0 42 2 99 1
1017 1003 0 7 2 47 5
1017 1003 0 41 7 68 0
1017 1003 0 50 7 78 3
1017 1003 0 13 1 32 5
1017 1003 0 1 2 47 7
1017 1003 0 40 6 26 1
1017 1003 0 50 5 56 2
1017 1003 0 17 0 25 0
1017 1003 0 7 3 1 6
1017 1003 0 44 6 41 2
1017 1003 0 20 7 95 4
1017 1003 0 13 0 32 6
1017 1003 0 46 2 10 1
1017 1003 0 13 0 40 6
1017 1003 0 15 6 10 5
1017 1003 0 40 7 25 4
1017 1003 0 15 0 20 6
1017 1003 0 88 7 92 6
1017 1003 0 46 7 78 2
1017 1003 0 49 7 68 7
1017 1003 0 11 0 41 2
1017 1003 0 1 7 15 2
1017 1003 0 84 2 68 2
1017 1003 0 45 3 85 2
1017 1003 0 88 5 19 0
1017 1003 0 95 3 45 7
1017 1003 0 92 0 41 7
1017 1003 0 17 1 88 7
1017 1003 0 56 2 95 4
1017 1003 0 84 0 17 0
1017 1003 0 7 4 85 5
1017 1003 0 13 1 41 7
1017 1003 0 10 1 78 2
1017 1003 0 98 3 41 6
1017 1003 0 50 4 15 2
1017 1003 0 99 2 49 7
1017 1003 0 47 7 15 7
1017 1003 0 57 7 42 5
1017 1003 0 46 2 56 4
1017 1003 0 68 0 44 4
1017 1003 0 50 6 78 5
1017 1003 0 26 6 44 5
1017 1003 0 1 7 15 0
1017 1003 0 11 0 11 6
1017 1003 0 13 0 13 1
1017 1003 0 17 0 17 1
1017 1003 0 19 7 19 5
1017 1003 0 25 7 25 5
1017 1003 0 26 6 26 1
1017 1003 0 32 2 32 6
1017 1003 0 40 7 40 2
1017 1003 0 41 7 41 2
1017 1003 0 42 5 42 2
1017 1003 0 44 0 44 2
1017 1003 0 49 5 49 7
1017 1003 0 57 5 57 2
1017 1003 0 58 5 58 2
1017 1003 0 64 2 64 0
1017 1003 0 68 0 68 2
1017 1003 0 84 7 84 0
1017 1003 0 88 7 88 5
1017 1003 0 92 0 92 1
1017 1003 0 98 3 98 1
1017 1003 0 99 3 99 1
1017 1003 0 1 2 1 7
1017 1003 0 7 5 7 3
1017 1003 0 10 2 10 1
1017 1003 0 15 0 15 2
1017 1003 0 20 6 20 7
1017 1003 0 23 2 23 7
1017 1003 0 45 5 45 7
1017 1003 0 46 2 46 0
1017 1003 0 47 5 47 2
1017 1003 0 50 2 50 6
1017 1003 0 56 7 56 2
1017 1003 0 60 2 60 4
1017 1003 0 78 7 78 5
1017 1003 0 85 4 85 3
1017 1003 0 95 3 95 4
1017 1003 0 41 0 19 0
1017 1003 0 98 1 26 1
1017 1003 0 25 2 68 2
1017 1003 0 99 3 98 3
1017 1003 0 25 4 98 4
1017 1003 0 25 5 32 5
1017 1003 0 58 6 41 6
1017 1003 0 88 7 40 7
1017 1003 0 46 0 10 0
1017 1003 0 10 1 10 1
1017 1003 0 7 2 23 2
1017 1003 0 7 3 1 3
1017 1003 0 85 4 56 4
1017 1003 0 47 5 78 5
1017 1003 0 1 6 20 6
1017 1003 0 44 7 42 2
1017 1003 0 10 2 60 4
1017 1003 0 32 6 68 2
1017 1003 0 7 5 60 4
1017 1003 0 32 7 98 1
1017 1003 0 15 2 1 2
1017 1003 0 11 6 64 5
1017 1003 0 78 5 7 3
1017 1003 0 58 5 26 1
1017 1003 0 60 2 23 2
1017 1003 0 49 7 68 0
1017 1003 0 95 4 60 7
1017 1003 0 57 5 92 6
1017 1003 0 7 2 45 4
1017 1003 0 68 2 17 1
1017 1003 0 7 2 47 2
1017 1003 0 68 2 88 7
1017 1003 0 45 6 85 4
1017 1003 0 92 0 88 5
1017 1003 0 47 5 46 0
1017 1003 0 58 5 84 2
1017 1003 0 50 2 78 3
1017 1003 0 41 2 57 5
1017 1003 0 47 2 15 6
1017 1003 0 41 7 44 2
1017 1003 0 23 6 56 2
1017 1003 0 88 5 17 1
1017 1003 0 1 6 85 2
1017 1003 0 19 7 99 7
1017 1003 0 50 2 1 4
1017 1003 0 19 5 44 6
1017 1003 0 10 1 1 5
1017 1003 0 57 5 68 7
1017 1003 0 7 3 46 2
1017 1003 0 41 2 25 5
1017 1003 0 15 6 78 7
1017 1003 0 11 0 41 7
1017 1003 0 15 6 23 2
1017 1003 0 42 5 58 6
1017 1003 0 7 4 47 7
1017 1003 0 19 6 58 5
1017 1003 0 78 7 1 2
1017 1003 0 40 5 64 0
1017 1003 0 10 7 7 4
1017 1003 0 64 5 17 1
1017 1003 0 47 7 56 7
1017 1003 0 98 4 41 7
1017 1003 0 23 7 10 6
1017 1003 0 64 0 98 2
1017 1003 0 47 2 78 5
1017 1003 0 68 2 98 7
1017 1003 0 78 3 60 7
1017 1003 0 58 6 98 3
1017 1003 0 60 7 95 4
1017 1003 0 40 7 32 2
1017 1003 0 56 4 20 6
1017 1003 0 57 7 68 2
1017 1003 0 1 3 56 7
1017 1003 0 98 1 41 2
1017 1003 0 50 4 85 3
1017 1003 0 26 1 40 2
1017 1003 0 1 5 60 7
1017 1003 0 99 4 44 5
1017 1003 0 20 7 1 3
1017 1003 0 57 7 64 5
1017 1003 0 47 5 20 3
1017 1003 0 17 1 42 2
1017 1003 0 46 0 60 2
1017 1003 0 26 0 17 1
1017 1003 0 60 2 1 6
1017 1003 0 88 2 25 5
1017 1003 0 15 2 60 2
1017 1003 0 64 0 40 2
1017 1003 0 15 0 56 6
1017 1003 0 40 2 64 2
1017 1003 0 15 2 20 6
1017 1003 0 19 5 44 7
1017 1003 0 85 3 15 7
1017 1003 0 44 2 13 0
1017 1003 0 58 5 26 0
1017 1003 0 15 7 1 2
1017 1003 0 19 2 32 5
1017 1003 0 95 3 78 2
1017 1003 0 19 6 49 6
1017 1003 0 7 3 1 5
1017 1003 0 58 7 17 1
1017 1003 0 46 2 60 4
1017 1003 0 32 2 64 7
1017 1003 0 10 6 95 3
1017 1003 0 40 2 58 5
1017 1003 0 7 3 1 7
1017 1003 0 88 2 41 2
1017 1003 0 85 4 78 4
1017 1003 0 64 2 68 0
1017 1003 0 50 5 46 2
1017 1003 0 25 6 26 6
1017 1003 0 41 6 58 2
1017 1003 0 15 0 7 2
1017 1003 0 26 1 64 5
1017 1003 0 46 2 7 2
1017 1003 0 57 7 19 6
1017 1003 0 46 0 60 4
1017 1003 0 68 0 25 0
1017 1003 0 84 0 44 7
1017 1003 0 78 7 85 3
1017 1003 0 41 0 84 2
1017 1003 0 78 7 46 2
1017 1003 0 19 7 13 0
1017 1003 0 15 7 56 3
1017 1003 0 41 6 98 4
1017 1003 0 15 6 78 2
1017 1003 0 42 5 40 6
1017 1003 0 95 3 50 6
1017 1003 0 92 0 11 6
1017 1003 0 56 4 23 6
1017 1003 0 98 2 40 7
1017 1003 0 88 2 11 6
1017 1003 0 50 2 23 2
1017 1003 0 99 3 92 1
1017 1003 0 23 2 45 4
1017 1003 0 88 7 99 7
1017 1003 0 50 2 23 7
1017 1003 0 98 3 40 7
1017 1003 0 45 6 60 4
1017 1003 0 50 2 85 5
1017 1003 0 88 2 25 0
1017 1003 0 15 0 78 4
1017 1003 0 25 2 57 2
1017 1003 0 47 7 45 2
1017 1003 0 25 4 68 7
1017 1003 0 45 2 56 4
1017 1003 0 88 7 44 7
1017 1003 0 95 4 1 6
1017 1003 0 95 3 15 2
1017 1003 0 84 2 58 2
1017 1003 0 45 2 15 7
1017 1003 0 84 7 58 6
1017 1003 0 10 0 1 2
1017 1003 0 99 3 44 7
1017 1003 0 20 3 46 2
1017 1003 0 25 5 99 2
1017 1003 0 15 2 47 7
1017 1003 0 1 2 20 6
1017 1003 0 88 7 26 6
1017 1003 0 47 7 95 3
1017 1003 0 98 4 32 5
1017 1003 0 46 7 85 5
1017 1003 0 40 6 41 7
1017 1003 0 1 6 50 7
1017 1003 0 58 7 13 1
1017 1003 0 10 2 46 7
1017 1003 0 57 7 98 4
1017 1003 0 13 0 19 6
1017 1003 0 46 2 7 5
1017 1003 0 88 5 42 5
1017 1003 0 68 2 25 6
1017 1003 0 10 0 46 0
1017 1003 0 19 6 68 0
1017 1003 0 17 1 64 7
1017 1003 0 1 3 47 5
1017 1003 0 49 5 19 6
1017 1003 0 23 7 20 2
1017 1003 0 19 2 84 0
1017 1003 0 47 2 95 4
1017 1003 0 19 2 42 2
1017 1003 0 15 6 1 7
1017 1003 0 68 7 49 2
1017 1003 0 10 2 46 2
1017 1003 0 99 7 92 1
1017 1003 0 15 6 45 4
1017 1003 0 40 7 11 1
1017 1003 0 78 3 56 4
1017 1003 0 42 2 44 5
1017 1003 0 1 4 85 2
1017 1003 0 45 3 1 2
1017 1003 0 32 6 99 2
1017 1003 0 23 6 15 7
1017 1003 0 57 7 99 7
1017 1003 0 23 7 85 4
1017 1003 0 58 2 44 5
1017 1003 0 23 7 10 1
1017 1003 0 99 3 13 1
1017 1003 0 20 7 50 5
1017 1003 0 84 2 68 0
1017 1003 0 45 4 1 7
1017 1003 0 95 3 60 4
1017 1003 0 92 6 64 2
1017 1003 0 45 5 46 0
1017 1003 0 98 7 49 5
1017 1003 0 50 4 56 4
1017 1003 0 10 6 47 2
1017 1003 0 99 2 25 0
1017 1003 0 46 0 7 2
1017 1003 0 11 0 42 2
1017 1003 0 56 6 46 7
1017 1003 0 11 1 11 0
1017 1003 0 13 1 13 0
1017 1003 0 19 5 19 0
1017 1003 0 25 2 25 5
1017 1003 0 26 6 26 0
1017 1003 0 32 7 32 2
1017 1003 0 40 5 40 6
1017 1003 0 41 6 41 7
1017 1003 0 42 2 42 5
1017 1003 0 44 6 44 0
1017 1003 0 49 2 49 5
1017 1003 0 57 7 57 5
1017 1003 0 58 2 58 7
1017 1003 0 64 5 64 2
1017 1003 0 68 2 68 0
1017 1003 0 84 2 84 0
1017 1003 0 88 2 88 5
1017 1003 0 98 3 98 7
1017 1003 0 99 4 99 3
1017 1003 0 1 4 1 7
1017 1003 0 7 3 7 2
1017 1003 0 10 7 10 2
1017 1003 0 15 0 15 6
1017 1003 0 20 3 20 6
1017 1003 0 23 7 23 2
1017 1003 0 45 6 45 2
1017 1003 0 46 7 46 2
1017 1003 0 47 2 47 7
1017 1003 0 50 4 50 6
1017 1003 0 56 4 56 6
1017 1003 0 60 4 60 2
1017 1003 0 78 3 78 4
1017 1003 0 85 3 85 2
1017 1003 0 92 0 13 0
1017 1003 0 99 1 92 1
1017 1003 0 40 2 84 2
1017 1003 0 98 3 99 3
1017 1003 0 98 4 44 4
1017 1003 0 19 5 44 5
1017 1003 0 25 6 40 6
1017 1003 0 44 7 88 7
1017 1003 0 15 0 46 0
1017 1003 0 60 2 10 2
1017 1003 0 1 3 78 3
1017 1003 0 60 4 50 4
1017 1003 0 78 5 1 5
1017 1003 0 56 6 15 6
1017 1003 0 78 7 56 7
1017 1003 0 99 4 11 6
1017 1003 0 60 7 50 5
1017 1003 0 32 5 44 7
1017 1003 0 95 3 15 7
1017 1003 0 49 5 44 0
1017 1003 0 20 6 1 2
1017 1003 0 41 0 68 2
1017 1003 0 10 7 56 2
1017 1003 0 42 2 88 7
1017 1003 0 7 4 60 7
1017 1003 0 88 5 64 5
1017 1003 0 15 2 56 4
1017 1003 0 11 0 57 7
1017 1003 0 60 7 78 2
1017 1003 0 99 2 26 1
1017 1003 0 1 7 50 6
1017 1003 0 99 7 68 0
1017 1003 0 15 0 50 4
1017 1003 0 11 6 19 7
1017 1003 0 60 7 78 4
1017 1003 0 49 7 19 7
1017 1003 0 15 0 50 6
1017 1003 0 26 0 40 2
1017 1003 0 85 2 1 5
1017 1003 0 40 7 41 7
1017 1003 0 47 7 56 2
1017 1003 0 26 6 17 1
1017 1003 0 58 5 32 5
1017 1003 0 50 4 46 0
1017 1003 0 57 7 98 7
1017 1003 0 50 5 45 5
1017 1003 0 19 0 11 6
1017 1003 0 56 7 7 3
1017 1003 0 19 0 58 5
1017 1003 0 47 2 56 3
1017 1003 0 68 0 58 7
1017 1003 0 56 4 45 7
1017 1003 0 92 6 57 2
1017 1003 0 95 3 20 3
1017 1003 0 32 2 49 7
1017 1003 0 56 2 47 7
1017 1003 0 42 2 68 2
1017 1003 0 50 2 20 7
1017 1003 0 11 1 92 1
1017 1003 0 10 1 60 4
1017 1003 0 98 1 64 2
1017 1003 0 85 4 60 4
1017 1003 0 49 7 57 7
1017 1003 0 15 7 95 3
1017 1003 0 49 5 98 7
1017 1003 0 95 3 7 2
1017 1003 0 84 0 42 2
1017 1003 0 10 2 60 7
1017 1003 0 98 7 57 5
1017 1003 0 23 7 78 4
1017 1003 0 19 7 26 1
1017 1003 0 10 1 60 2
1017 1003 0 92 0 98 7
1017 1003 0 60 4 47 5
1017 1003 0 92 1 64 0
1017 1003 0 60 2 45 2
1017 1003 0 84 2 17 1
1017 1003 0 1 3 7 5
1017 1003 0 13 0 44 6
1017 1003 0 50 5 20 7
1017 1003 0 32 5 92 6
1017 1003 0 78 5 45 5
1017 1003 0 25 5 19 2
1017 1003 0 20 7 7 2
1017 1003 0 58 6 25 4
1017 1003 0 95 4 23 6
1017 1003 0 64 2 44 0
1017 1003 0 45 3 20 3
1017 1003 0 32 7 88 2
1017 1003 0 84 7 44 6
1017 1003 0 1 7 78 2
1017 1003 0 88 7 92 1
1017 1003 0 46 7 56 2
1017 1003 0 78 4 50 5
1017 1003 0 92 1 84 2
1017 1003 0 45 3 78 5
1017 1003 0 17 0 13 0
1017 1003 0 85 3 47 5
1017 1003 0 99 1 64 0
1017 1003 0 10 7 50 5
1017 1003 0 58 5 42 5
1017 1003 0 45 7 15 6
1017 1003 0 41 0 44 0
1017 1003 0 20 7 23 6
1017 1003 0 42 5 26 6
1017 1003 0 45 5 20 7
1017 1003 0 1 4 10 5
1017 1003 0 41 7 42 5
1017 1003 0 46 0 15 0
1017 1003 0 11 6 68 0
1017 1003 0 23 6 56 3
1017 1003 0 26 0 49 2
1017 1003 0 45 6 1 7
1017 1003 0 42 2 40 7
1017 1003 0 95 4 47 5
1017 1003 0 88 5 41 0
1017 1003 0 10 6 1 2
1017 1003 0 57 5 13 1
1017 1003 0 50 5 15 2
1017 1003 0 44 7 19 5
1017 1003 0 56 2 47 2
1017 1003 0 92 0 64 7
1017 1003 0 95 4 10 1
1017 1003 0 42 5 26 1
1017 1003 0 56 7 15 6
1017 1003 0 64 7 32 2
1017 1003 0 56 7 20 6
1017 1003 0 98 4 25 2
1017 1003 0 60 7 46 2
1017 1003 0 49 5 40 6
1017 1003 0 78 5 23 7
1017 1003 0 25 7 57 2
1017 1003 0 20 2 23 2
1017 1003 0 25 2 64 7
1017 1003 0 10 7 60 4
1017 1003 0 26 1 92 0
1017 1003 0 23 2 46 7
1017 1003 0 17 0 32 7
1017 1003 0 20 3 56 2
1017 1003 0 25 4 58 7
1017 1003 0 85 5 50 5
1017 1003 0 42 2 25 0
1017 1003 0 15 2 85 4
1017 1003 0 57 2 40 5
1017 1003 0 78 5 7 5
1017 1003 0 40 2 26 6
1017 1003 0 23 6 56 6
1017 1003 0 49 2 41 2
1017 1003 0 60 4 46 7
1017 1003 0 19 5 41 6
1017 1003 0 10 1 47 5
1017 1003 0 42 2 26 0
1017 1003 0 1 2 60 4
1017 1003 0 42 5 44 6
1017 1003 0 1 7 7 5
1017 1003 0 17 0 42 5
1017 1003 0 10 1 95 4
1017 1003 0 32 5 42 2
1017 1003 0 7 4 78 7
1017 1003 0 99 4 32 6
1017 1003 0 20 2 23 7
1017 1003 0 41 0 11 6
1017 1003 0 85 2 95 4
1017 1003 0 13 1 11 6
1017 1003 0 60 4 23 7
1017 1003 0 57 7 26 1
1017 1003 0 68 2 19 0
1017 1003 0 10 6 7 3
1017 1003 0 25 4 42 5
1017 1003 0 23 7 95 4
1017 1003 0 58 2 13 0
1017 1003 0 46 0 20 2
1017 1003 0 40 5 99 1
1017 1003 0 45 6 20 3
1017 1003 0 84 0 88 7
1017 1003 0 23 6 78 4
1017 1003 0 99 2 92 6
1017 1003 0 7 2 50 4
1017 1003 0 58 6 49 5
1017 1003 0 46 2 20 2
1017 1003 0 92 1 49 7
1017 1003 0 95 4 78 2
1017 1003 0 78 3 56 2
1017 1003 0 26 0 98 3
1017 1003 0 92 1 40 7
1017 1003 0 15 6 50 7
1017 1003 0 98 2 41 2
1017 1003 0 78 7 60 2
1017 1003 0 13 0 58 2
1017 1003 0 85 3 15 2
1017 1003 0 68 0 98 2
1017 1003 0 46 2 95 4
1017 1003 0 88 2 32 5
1017 1003 0 1 2 20 3
1017 1003 0 1 2 23 7
1017 1003 0 58 5 11 6
1017 1003 0 23 2 56 3
1017 1003 0 32 6 19 5
1017 1003 0 47 7 15 0
1017 1003 0 19 5 42 2
1017 1003 0 47 7 85 3
1017 1003 0 41 2 84 2
1017 1003 0 20 2 85 4
1017 1003 0 42 5 64 0
1017 1003 0 64 5 11 6
1017 1003 0 45 5 1 2
1017 1003 0 13 1 25 0
1017 1003 0 10 6 15 7
1017 1003 0 26 6 99 2
1017 1003 0 47 5 85 4
1017 1003 0 88 2 13 0
1017 1003 0 23 2 60 2
1017 1003 0 19 7 25 6
1017 1003 0 95 3 56 6
1017 1003 0 11 6 11 1
1017 1003 0 17 1 17 0
1017 1003 0 19 5 19 6
1017 1003 0 25 5 25 4
1017 1003 0 32 5 32 7
1017 1003 0 40 6 40 5
1017 1003 0 44 5 44 7
1017 1003 0 49 7 49 2
1017 1003 0 57 5 57 7
1017 1003 0 58 6 58 7
1017 1003 0 68 2 68 7
1017 1003 0 88 7 88 2
1017 1003 0 92 6 92 0
1017 1003 0 98 4 98 1
1017 1003 0 99 4 99 2
1017 1003 0 1 7 1 3
1017 1003 0 7 4 7 5
1017 1003 0 10 6 10 1
1017 1003 0 15 7 15 0
1017 1003 0 20 2 20 6
1017 1003 0 23 7 23 6
1017 1003 0 45 5 45 3
1017 1003 0 50 4 50 2
1017 1003 0 56 6 56 2
1017 1003 0 60 7 60 2
1017 1003 0 78 5 78 3
1017 1003 0 85 2 85 4
1017 1003 0 11 0 25 0
1017 1003 0 92 1 17 1
1017 1003 0 25 2 64 2
1017 1003 0 25 4 99 4
1017 1003 0 32 5 44 5
1017 1003 0 58 6 49 6
1017 1003 0 68 7 19 7
1017 1003 0 47 2 56 2
1017 1003 0 78 4 85 4
1017 1003 0 47 5 7 5
1017 1003 0 56 6 45 6
1017 1003 0 50 7 46 7
1017 1003 0 99 3 19 2
1017 1003 0 46 0 1 4
1017 1003 0 25 0 57 5
1017 1003 0 60 7 7 5
1017 1003 0 13 0 25 0
1017 1003 0 1 4 56 6
1017 1003 0 84 2 40 7
1017 1003 0 40 2 92 0
1017 1003 0 95 4 60 2
1017 1003 0 99 2 57 5
1017 1003 0 56 7 78 4
1017 1003 0 58 7 68 7
1017 1003 0 60 2 50 6
1017 1003 0 23 7 1 6
1017 1003 0 58 2 42 5
1017 1003 0 50 2 20 3
1017 1003 0 64 7 42 5
1017 1003 0 78 5 60 2
1017 1003 0 68 0 49 7
1017 1003 0 84 7 32 5
1017 1003 0 10 7 23 2
1017 1003 0 88 5 49 5
1017 1003 0 10 5 56 6
1017 1003 0 15 6 60 4
1017 1003 0 41 0 84 7
1017 1003 0 7 4 1 6
1017 1003 0 98 7 26 6
1017 1003 0 60 2 56 6
1017 1003 0 84 0 88 2
1017 1003 0 44 2 41 6
1017 1003 0 46 2 45 5
1017 1003 0 68 2 11 0
1017 1003 0 1 3 10 7
1017 1003 0 84 2 49 5
1017 1003 0 47 5 50 6
1017 1003 0 26 1 99 1
1017 1003 0 95 3 46 7
1017 1003 0 68 7 49 5
1017 1003 0 56 3 95 4
1017 1003 0 11 0 13 0
1017 1003 0 56 7 23 6
1017 1003 0 46 7 47 5
1017 1003 0 25 2 88 2
1017 1003 0 46 0 20 3
1017 1003 0 78 4 7 2
1017 1003 0 40 5 99 3
1017 1003 0 98 7 11 0
1017 1003 0 78 5 95 4
1017 1003 0 44 4 11 1
1017 1003 0 50 2 78 2
1017 1003 0 40 7 13 0
1017 1003 0 20 7 10 1
1017 1003 0 32 7 13 0
1017 1003 0 56 7 78 5
1017 1003 0 57 2 98 1
1017 1003 0 15 2 10 6
1017 1003 0 58 6 64 5
1017 1003 0 44 6 42 5
1017 1003 0 7 3 78 5
1017 1003 0 64 7 44 6
1017 1003 0 47 5 45 7
1017 1003 0 42 2 98 3
1017 1003 0 45 7 15 2
1017 1003 0 49 2 98 7
1017 1003 0 46 2 78 5
1017 1003 0 32 5 57 5
1017 1003 0 1 7 46 7
1017 1003 0 88 2 68 7
1017 1003 0 85 3 45 2
1017 1003 0 49 2 92 0
1017 1003 0 50 5 46 7
1017 1003 0 98 3 57 2
1017 1003 0 85 2 47 2
1017 1003 0 13 1 17 0
1017 1003 0 85 2 10 2
1017 1003 0 92 0 25 7
1017 1003 0 23 2 20 2
1017 1003 0 49 2 64 0
1017 1003 0 85 5 20 7
1017 1003 0 64 2 19 5
1017 1003 0 23 7 1 4
1017 1003 0 49 6 25 2
1017 1003 0 68 7 17 1
1017 1003 0 15 2 7 4
1017 1003 0 88 7 41 0
1017 1003 0 98 3 40 5
1017 1003 0 1 7 60 2
1017 1003 0 32 6 19 7
1017 1003 0 47 7 1 7
1017 1003 0 84 7 88 2
1017 1003 0 20 3 50 7
1017 1003 0 98 3 58 5
1017 1003 0 15 7 1 4
1017 1003 0 32 7 57 2
1017 1003 0 50 7 15 2
1017 1003 0 98 4 64 7
1017 1003 0 49 2 57 2
1017 1003 0 23 6 1 3
1017 1003 0 58 5 98 4
1017 1003 0 50 2 15 7
1017 1003 0 17 0 32 6
1017 1003 0 10 6 60 2
1017 1003 0 68 2 99 3
1017 1003 0 15 0 60 7
1017 1003 0 49 7 57 5
1017 1003 0 46 7 1 2
1017 1003 0 20 7 60 2
1017 1003 0 45 6 7 2
1017 1003 0 17 0 11 1
1017 1003 0 84 2 32 2
1017 1003 0 95 3 56 3
1017 1003 0 56 2 85 5
1017 1003 0 57 5 99 1
1017 1003 0 60 4 45 4
1017 1003 0 88 5 11 6
1017 1003 0 20 2 46 0
1017 1003 0 17 1 99 2
1017 1003 0 20 6 95 4
1017 1003 0 64 2 40 6
1017 1003 0 23 7 56 7
1017 1003 0 32 2 26 1
1017 1003 0 88 5 44 0
1017 1003 0 15 0 85 4
1017 1003 0 99 4 42 5
1017 1003 0 1 2 78 2
1017 1003 0 78 4 47 7
1017 1003 0 19 2 41 2
1017 1003 0 45 5 15 6
1017 1003 0 17 0 57 2
1017 1003 0 7 3 78 3
1017 1003 0 84 2 57 7
1017 1003 0 78 2 10 1
1017 1003 0 40 6 84 2
1017 1003 0 32 6 40 7
1017 1003 0 10 7 45 2
1017 1003 0 25 0 26 0
1017 1003 0 23 7 78 7
1017 1003 0 41 7 19 6
1017 1003 0 20 2 60 4
1017 1003 0 64 5 13 0
1017 1003 0 57 2 44 7
1017 1003 0 46 0 50 6
1017 1003 0 58 6 88 7
1017 1003 0 15 7 10 6
1017 1003 0 44 2 17 1
1017 1003 0 85 2 95 3
1017 1003 0 58 2 41 7
1017 1003 0 46 2 15 6
1017 1003 0 92 0 98 3
1017 1003 0 57 2 19 5
1017 1003 0 7 3 47 5
1017 1003 0 40 2 68 0
1017 1003 0 60 4 78 4
1017 1003 0 11 0 49 6
1017 1003 0 56 7 46 0
1017 1003 0 64 0 68 0
1017 1003 0 10 1 46 2
1017 1003 0 99 3 11 6
1017 1003 0 23 6 95 4
1017 1003 0 78 3 10 5
1017 1003 0 99 2 25 4
1017 1003 0 41 6 98 1
1017 1003 0 50 4 85 4
1017 1003 0 25 4 92 1
1017 1003 0 88 2 99 3
1017 1003 0 47 5 45 5
1017 1003 0 32 2 40 2
1017 1003 0 47 5 50 5
1017 1003 0 19 7 58 6
1017 1003 0 45 3 15 6
1017 1003 0 25 2 19 7
1017 1003 0 7 5 78 7
1017 1003 0 68 0 92 6
1017 1003 0 85 5 50 7
1017 1003 0 57 7 58 5
1017 1003 0 50 4 1 6
1017 1003 0 99 3 19 5
1017 1003 0 1 6 10 0
1017 1003 0 26 6 25 2
1017 1003 0 47 7 7 2
1017 1003 0 98 7 17 0
1017 1003 0 7 5 46 0
1017 1003 0 25 4 19 6
1017 1003 0 1 5 85 5
1017 1003 0 17 0 26 0
1017 1003 0 25 0 25 5
1017 1003 0 26 1 26 6
1017 1003 0 32 2 32 7
1017 1003 0 41 7 41 0
1017 1003 0 44 2 44 0
1017 1003 0 49 6 49 7
1017 1003 0 58 2 58 5
1017 1003 0 64 2 64 7
1017 1003 0 88 2 88 7
1017 1003 0 98 1 98 2
1017 1003 0 99 7 99 4
1017 1003 0 1 7 1 2
1017 1003 0 7 4 7 3
1017 1003 0 10 2 10 7
1017 1003 0 15 6 15 0
1017 1003 0 20 6 20 3
1017 1003 0 23 2 23 6
1017 1003 0 45 3 45 4
1017 1003 0 46 0 46 7
1017 1003 0 50 4 50 7
1017 1003 0 56 2 56 7
1017 1003 0 60 2 60 7
1017 1003 0 85 4 85 5
1017 1003 0 19 0 92 0
1017 1003 0 64 2 42 2
1017 1003 0 44 4 99 4
1017 1003 0 19 5 88 5
1017 1003 0 58 6 25 6
1017 1003 0 68 7 64 7
1017 1003 0 15 0 10 0
1017 1003 0 45 2 78 2
1017 1003 0 20 3 7 3
1017 1003 0 56 4 7 4
1017 1003 0 20 6 56 6
1017 1003 0 15 7 46 7
1017 1003 0 92 1 58 5
1017 1003 0 46 2 23 2
1017 1003 0 99 3 32 2
1017 1003 0 50 6 20 2
1017 1003 0 68 7 19 6
1017 1003 0 85 3 47 7
1017 1003 0 23 6 7 4
1017 1003 0 98 1 88 5
1017 1003 0 1 2 60 2
1017 1003 0 58 6 40 7
1017 1003 0 85 5 50 6
1017 1003 0 32 5 19 0
1017 1003 0 47 5 23 7
1017 1003 0 17 1 41 7
1017 1003 0 47 2 10 2
1017 1003 0 98 2 99 7
1017 1003 0 1 7 95 4
1017 1003 0 60 2 23 6
1017 1003 0 50 7 7 4
1017 1003 0 49 5 68 0
1017 1003 0 58 7 32 2
1017 1003 0 32 7 41 7
1017 1003 0 46 7 20 7
1017 1003 0 84 2 32 5
1017 1003 0 95 3 23 2
1017 1003 0 17 1 19 6
1017 1003 0 20 3 78 4
1017 1003 0 46 7 7 5
1017 1003 0 17 1 11 0
1017 1003 0 7 5 15 2
1017 1003 0 17 1 44 4
1017 1003 0 7 2 23 6
1017 1003 0 19 0 44 4
1017 1003 0 95 4 56 4
1017 1003 0 11 1 13 1
1017 1003 0 40 5 13 1
1017 1003 0 7 5 95 3
1017 1003 0 49 5 58 5
1017 1003 0 7 4 15 6
1017 1003 0 57 2 99 7
1017 1003 0 1 5 50 4
1017 1003 0 49 6 25 6
