1021 1007 4 1008 4 1009 4 1010 4 1011 4 64 7 49 6
1021 1007 4 1008 4 1009 4 1010 4 1011 4 13 0 26 0
1021 1007 4 1008 4 1009 4 1010 4 1011 4 19 6 84 0
1021 1007 4 1008 4 1009 4 1010 4 1011 4 25 2 88 2
1021 1007 4 1008 4 1009 4 1010 4 1011 4 17 1 68 7
1021 1007 4 1008 4 1009 4 1010 4 1011 4 84 0 25 4
1021 1007 4 1008 4 1009 4 1010 4 1011 4 11 0 25 4
1021 1007 4 1008 4 1009 4 1010 4 1011 4 84 2 40 2
1021 1007 4 1008 4 1009 4 1010 4 1011 4 41 7 32 7
1021 1007 4 1008 4 1009 4 1010 4 1011 4 17 1 49 2
1021 1007 4 1008 4 1009 4 1010 4 1011 4 32 7 44 7
1021 1007 4 1008 4 1009 4 1010 4 1011 4 11 6 58 2
1021 1007 4 1008 4 1009 4 1010 4 1011 4 25 2 42 2
1021 1007 4 1008 4 1009 4 1010 4 1011 4 99 3 88 2
1021 1007 4 1008 4 1009 4 1010 4 1011 4 57 5 44 2
1021 1007 4 1008 4 1009 4 1010 4 1011 4 58 7 11 1
1021 1007 4 1008 4 1009 4 1010 4 1011 4 25 6 11 1
1021 1007 4 1008 4 1009 4 1010 4 1011 4 58 5 68 2
1021 1007 4 1008 4 1009 4 1010 4 1011 4 68 0 19 0
1021 1007 4 1008 4 1009 4 1010 4 1011 4 57 5 40 7
1021 1007 4 1008 4 1009 4 1010 4 1011 4 41 6 11 1
1021 1007 4 1008 4 1009 4 1010 4 1011 4 41 0 19 7
1021 1007 4 1008 4 1009 4 1010 4 1011 4 17 0 99 3
1021 1007 4 1008 4 1009 4 1010 4 1011 4 11 0 42 2
1021 1007 4 1008 4 1009 4 1010 4 1011 4 32 7 42 2
1021 1007 4 1008 4 1009 4 1010 4 1011 4 25 0 11 1
1021 1007 4 1008 4 1009 4 1010 4 1011 4 41 2 40 2
1021 1007 4 1008 4 1009 4 1010 4 1011 4 25 7 57 2
1021 1007 4 1008 4 1009 4 1010 4 1011 4 49 2 41 2
1021 1007 4 1008 4 1009 4 1010 4 1011 4 49 6 42 5
1021 1007 4 1008 4 1009 4 1010 4 1011 4 11 6 64 2
1021 1007 4 1008 4 1009 4 1010 4 1011 4 57 2 58 6
1021 1007 4 1008 4 1009 4 1010 4 1011 4 99 1 68 0
1021 1007 4 1008 4 1009 4 1010 4 1011 4 40 6 13 1
1021 1007 4 1008 4 1009 4 1010 4 1011 4 64 2 88 7
1021 1007 4 1008 4 1009 4 1010 4 1011 4 26 0 19 0
1021 1007 4 1008 4 1009 4 1010 4 1011 4 26 6 98 2
1021 1007 4 1008 4 1009 4 1010 4 1011 4 26 6 57 2
1021 1007 4 1008 4 1009 4 1010 4 1011 4 25 5 98 4
1021 1007 4 1008 4 1009 4 1010 4 1011 4 40 7 42 2
1021 1007 4 1008 4 1009 4 1010 4 1011 4 99 4 44 0
1021 1007 4 1008 4 1009 4 1010 4 1011 4 25 4 92 0
1021 1007 4 1008 4 1009 4 1010 4 1011 4 32 7 49 6
1021 1007 4 1008 4 1009 4 1010 4 1011 4 92 6 49 7
1021 1007 4 1008 4 1009 4 1010 4 1011 4 41 2 58 2
1021 1007 4 1008 4 1009 4 1010 4 1011 4 92 6 13 1
1021 1007 4 1008 4 1009 4 1010 4 1011 4 13 0 19 6
1021 1007 4 1008 4 1009 4 1010 4 1011 4 32 6 88 2
1021 1007 4 1008 4 1009 4 1010 4 1011 4 17 0 98 2
1021 1007 4 1008 4 1009 4 1010 4 1011 4 92 0 17 0
1021 1007 4 1008 4 1009 4 1010 4 1011 4 57 5 58 5
1021 1007 4 1008 4 1009 4 1010 4 1011 4 19 6 42 5
1021 1007 4 1008 4 1009 4 1010 4 1011 4 64 5 44 2
1021 1007 4 1008 4 1009 4 1010 4 1011 4 25 7 88 7
1021 1007 4 1008 4 1009 4 1010 4 1011 4 88 7 25 2
1021 1007 4 1008 4 1009 4 1010 4 1011 4 99 7 68 0
1021 1007 4 1008 4 1009 4 1010 4 1011 4 49 2 57 5
1021 1007 4 1008 4 1009 4 1010 4 1011 4 40 5 41 6
1021 1007 4 1008 4 1009 4 1010 4 1011 4 64 7 99 4
1021 1007 4 1008 4 1009 4 1010 4 1011 4 57 5 68 0
1021 1007 4 1008 4 1009 4 1010 4 1011 4 49 2 88 2
1021 1007 4 1008 4 1009 4 1010 4 1011 4 49 5 84 2
1021 1007 4 1008 4 1009 4 1010 4 1011 4 92 0 40 5
1021 1007 4 1008 4 1009 4 1010 4 1011 4 11 6 44 0
1021 1007 4 1008 4 1009 4 1010 4 1011 4 84 7 68 7
1021 1007 4 1008 4 1009 4 1010 4 1011 4 26 0 13 0
1021 1007 4 1008 4 1009 4 1010 4 1011 4 26 0 44 5
1021 1007 4 1008 4 1009 4 1010 4 1011 4 88 2 17 1
1021 1007 4 1008 4 1009 4 1010 4 1011 4 88 5 58 2
1021 1007 4 1008 4 1009 4 1010 4 1011 4 64 2 84 2
1021 1007 4 1008 4 1009 4 1010 4 1011 4 88 2 64 5
1021 1007 4 1008 4 1009 4 1010 4 1011 4 44 4 40 5
1021 1007 4 1008 4 1009 4 1010 4 1011 4 44 6 58 7
1021 1007 4 1008 4 1009 4 1010 4 1011 4 92 1 99 7
1021 1007 4 1008 4 1009 4 1010 4 1011 4 17 0 11 6
1021 1007 4 1008 4 1009 4 1010 4 1011 4 41 6 84 0
1021 1007 4 1008 4 1009 4 1010 4 1011 4 32 5 26 6
1021 1007 4 1008 4 1009 4 1010 4 1011 4 84 2 64 0
1021 1007 4 1008 4 1009 4 1010 4 1011 4 42 2 64 7
1021 1007 4 1008 4 1009 4 1010 4 1011 4 88 5 99 3
1021 1007 4 1008 4 1009 4 1010 4 1011 4 98 7 49 6
1021 1007 4 1008 4 1009 4 1010 4 1011 4 99 3 88 7
1021 1007 4 1008 4 1009 4 1010 4 1011 4 98 4 68 0
1021 1007 4 1008 4 1009 4 1010 4 1011 4 58 7 13 0
1021 1007 4 1008 4 1009 4 1010 4 1011 4 58 7 17 0
1021 1007 4 1008 4 1009 4 1010 4 1011 4 44 2 49 5
1021 1007 4 1008 4 1009 4 1010 4 1011 4 41 2 64 5
1021 1007 4 1008 4 1009 4 1010 4 1011 4 92 1 68 0
1021 1007 4 1008 4 1009 4 1010 4 1011 4 26 1 19 6
1021 1007 4 1008 4 1009 4 1010 4 1011 4 11 0 58 5
1021 1007 4 1008 4 1009 4 1010 4 1011 4 17 1 84 2
1021 1007 4 1008 4 1009 4 1010 4 1011 4 32 6 68 0
1021 1007 4 1008 4 1009 4 1010 4 1011 4 88 2 26 0
1021 1007 4 1008 4 1009 4 1010 4 1011 4 26 6 41 6
1021 1007 4 1008 4 1009 4 1010 4 1011 4 98 3 19 7
1021 1007 4 1008 4 1009 4 1010 4 1011 4 11 6 32 6
1021 1007 4 1008 4 1009 4 1010 4 1011 4 49 7 40 5
1021 1007 4 1008 4 1009 4 1010 4 1011 4 42 5 25 7
1021 1007 4 1008 4 1009 4 1010 4 1011 4 57 5 40 5
1021 1007 4 1008 4 1009 4 1010 4 1011 4 25 0 40 2
1021 1007 4 1008 4 1009 4 1010 4 1011 4 42 2 44 6
1021 1007 4 1008 4 1009 4 1010 4 1011 4 98 4 26 1
1021 1007 4 1008 4 1009 4 1010 4 1011 4 49 2 44 0
1021 1007 4 1008 4 1009 4 1010 4 1011 4 44 0 88 5
1021 1007 4 1008 4 1009 4 1010 4 1011 4 58 6 13 1
1021 1007 4 1008 4 1009 4 1010 4 1011 4 68 7 42 2
1021 1007 4 1008 4 1009 4 1010 4 1011 4 26 1 25 7
1021 1007 4 1008 4 1009 4 1010 4 1011 4 68 2 40 5
1021 1007 4 1008 4 1009 4 1010 4 1011 4 64 2 13 0
1021 1007 4 1008 4 1009 4 1010 4 1011 4 68 2 11 0
1021 1007 4 1008 4 1009 4 1010 4 1011 4 40 2 92 6
1021 1007 4 1008 4 1009 4 1010 4 1011 4 26 0 49 2
1021 1007 4 1008 4 1009 4 1010 4 1011 4 41 0 13 0
1021 1007 4 1008 4 1009 4 1010 4 1011 4 92 1 68 2
1021 1007 4 1008 4 1009 4 1010 4 1011 4 44 2 42 5
1021 1007 4 1008 4 1009 4 1010 4 1011 4 98 3 19 2
1021 1007 4 1008 4 1009 4 1010 4 1011 4 44 7 88 2
1021 1007 4 1008 4 1009 4 1010 4 1011 4 99 2 88 2
1021 1007 4 1008 4 1009 4 1010 4 1011 4 40 5 84 0
1021 1007 4 1008 4 1009 4 1010 4 1011 4 99 7 32 6
1021 1007 4 1008 4 1009 4 1010 4 1011 4 98 3 41 7
1021 1007 4 1008 4 1009 4 1010 4 1011 4 57 7 49 2
1021 1007 4 1008 4 1009 4 1010 4 1011 4 42 2 19 0
1021 1007 4 1008 4 1009 4 1010 4 1011 4 25 0 13 0
1021 1007 4 1008 4 1009 4 1010 4 1011 4 99 7 88 2
1021 1007 4 1008 4 1009 4 1010 4 1011 4 11 1 68 7
1021 1007 4 1008 4 1009 4 1010 4 1011 4 57 5 41 7
1021 1007 4 1008 4 1009 4 1010 4 1011 4 13 1 40 6
1021 1007 4 1008 4 1009 4 1010 4 1011 4 92 0 13 0
1021 1007 4 1008 4 1009 4 1010 4 1011 4 88 7 25 4
1021 1007 4 1008 4 1009 4 1010 4 1011 4 84 0 64 7
1021 1007 4 1008 4 1009 4 1010 4 1011 4 84 7 57 5
1021 1007 4 1008 4 1009 4 1010 4 1011 4 99 2 17 1
1021 1007 4 1008 4 1009 4 1010 4 1011 4 49 5 42 5
1021 1007 4 1008 4 1009 4 1010 4 1011 4 13 0 64 2
1021 1007 4 1008 4 1009 4 1010 4 1011 4 13 0 84 0
1021 1007 4 1008 4 1009 4 1010 4 1011 4 13 1 44 0
1021 1007 4 1008 4 1009 4 1010 4 1011 4 88 2 58 5
1021 1007 4 1008 4 1009 4 1010 4 1011 4 88 5 32 6
1021 1007 4 1008 4 1009 4 1010 4 1011 4 44 0 26 6
1021 1007 4 1008 4 1009 4 1010 4 1011 4 92 1 84 0
1021 1007 4 1008 4 1009 4 1010 4 1011 4 92 0 17 1
1021 1007 4 1008 4 1009 4 1010 4 1011 4 92 6 32 5
1021 1007 4 1008 4 1009 4 1010 4 1011 4 64 2 58 5
1021 1007 4 1008 4 1009 4 1010 4 1011 4 99 3 42 5
1021 1007 4 1008 4 1009 4 1010 4 1011 4 57 7 42 5
1021 1007 4 1008 4 1009 4 1010 4 1011 4 57 2 64 2
1021 1007 4 1008 4 1009 4 1010 4 1011 4 41 0 57 2
1021 1007 4 1008 4 1009 4 1010 4 1011 4 19 6 99 4
1021 1007 4 1008 4 1009 4 1010 4 1011 4 13 0 92 1
1021 1007 4 1008 4 1009 4 1010 4 1011 4 11 6 26 0
1021 1007 4 1008 4 1009 4 1010 4 1011 4 57 7 17 1
1021 1007 4 1008 4 1009 4 1010 4 1011 4 42 5 40 2
1021 1007 4 1008 4 1009 4 1010 4 1011 4 25 6 92 0
1021 1007 4 1008 4 1009 4 1010 4 1011 4 98 1 44 7
1021 1007 4 1008 4 1009 4 1010 4 1011 4 68 2 92 6
1021 1007 4 1008 4 1009 4 1010 4 1011 4 17 1 99 7
1021 1007 4 1008 4 1009 4 1010 4 1011 4 13 0 26 6
1021 1007 4 1008 4 1009 4 1010 4 1011 4 64 2 58 7
1021 1007 4 1008 4 1009 4 1010 4 1011 4 32 2 98 1
1021 1007 4 1008 4 1009 4 1010 4 1011 4 42 5 32 2
1021 1007 4 1008 4 1009 4 1010 4 1011 4 32 5 11 1
1021 1007 4 1008 4 1009 4 1010 4 1011 4 32 7 99 1
1021 1007 4 1008 4 1009 4 1010 4 1011 4 32 7 68 2
1021 1007 4 1008 4 1009 4 1010 4 1011 4 64 7 58 5
1021 1007 4 1008 4 1009 4 1010 4 1011 4 68 2 40 6
1021 1007 4 1008 4 1009 4 1010 4 1011 4 92 1 42 2
1021 1007 4 1008 4 1009 4 1010 4 1011 4 99 7 68 2
1021 1007 4 1008 4 1009 4 1010 4 1011 4 99 1 44 7
1021 1007 4 1008 4 1009 4 1010 4 1011 4 17 1 64 0
1021 1007 4 1008 4 1009 4 1010 4 1011 4 41 0 98 2
1021 1007 4 1008 4 1009 4 1010 4 1011 4 98 1 26 1
1021 1007 4 1008 4 1009 4 1010 4 1011 4 98 1 13 0
1021 1007 4 1008 4 1009 4 1010 4 1011 4 84 0 44 6
1021 1007 4 1008 4 1009 4 1010 4 1011 4 68 2 19 2
1021 1007 4 1008 4 1009 4 1010 4 1011 4 68 2 40 2
1021 1007 4 1008 4 1009 4 1010 4 1011 4 99 1 84 0
1021 1007 4 1008 4 1009 4 1010 4 1011 4 25 7 41 2
1021 1007 4 1008 4 1009 4 1010 4 1011 4 13 0 58 6
1021 1007 4 1008 4 1009 4 1010 4 1011 4 32 5 42 5
1021 1007 4 1008 4 1009 4 1010 4 1011 4 49 6 88 5
1021 1007 4 1008 4 1009 4 1010 4 1011 4 40 2 19 0
1021 1007 4 1008 4 1009 4 1010 4 1011 4 32 6 40 2
1021 1007 4 1008 4 1009 4 1010 4 1011 4 57 2 92 0
1021 1007 4 1008 4 1009 4 1010 4 1011 4 92 6 84 0
1021 1007 4 1008 4 1009 4 1010 4 1011 4 98 7 25 2
1021 1007 4 1008 4 1009 4 1010 4 1011 4 17 1 41 0
1021 1007 4 1008 4 1009 4 1010 4 1011 4 88 2 57 2
1021 1007 4 1008 4 1009 4 1010 4 1011 4 25 0 32 2
1021 1007 4 1008 4 1009 4 1010 4 1011 4 92 6 26 0
1021 1007 4 1008 4 1009 4 1010 4 1011 4 41 2 32 2
1021 1007 4 1008 4 1009 4 1010 4 1011 4 19 6 17 0
1021 1007 4 1008 4 1009 4 1010 4 1011 4 88 2 17 0
1021 1007 4 1008 4 1009 4 1010 4 1011 4 88 5 13 1
1021 1007 4 1008 4 1009 4 1010 4 1011 4 41 7 13 1
1021 1007 4 1008 4 1009 4 1010 4 1011 4 40 2 98 3
1021 1007 4 1008 4 1009 4 1010 4 1011 4 99 3 26 0
1021 1007 4 1008 4 1009 4 1010 4 1011 4 92 6 13 0
1021 1007 4 1008 4 1009 4 1010 4 1011 4 26 0 13 1
1021 1007 4 1008 4 1009 4 1010 4 1011 4 92 6 41 6
1021 1007 4 1008 4 1009 4 1010 4 1011 4 11 1 19 2
1021 1007 4 1008 4 1009 4 1010 4 1011 4 64 2 57 7
1021 1007 4 1008 4 1009 4 1010 4 1011 4 32 7 64 7
1021 1007 4 1008 4 1009 4 1010 4 1011 4 42 2 40 5
1021 1007 4 1008 4 1009 4 1010 4 1011 4 26 6 64 7
1021 1007 4 1008 4 1009 4 1010 4 1011 4 84 2 26 6
1021 1007 4 1008 4 1009 4 1010 4 1011 4 40 6 44 7
1021 1007 4 1008 4 1009 4 1010 4 1011 4 11 6 11 0
1021 1007 4 1008 4 1009 4 1010 4 1011 4 13 0 13 1
1021 1007 4 1008 4 1009 4 1010 4 1011 4 17 0 17 1
1021 1007 4 1008 4 1009 4 1010 4 1011 4 19 7 19 0
1021 1007 4 1008 4 1009 4 1010 4 1011 4 25 6 25 5
1021 1007 4 1008 4 1009 4 1010 4 1011 4 26 1 26 6
1021 1007 4 1008 4 1009 4 1010 4 1011 4 32 2 32 5
1021 1007 4 1008 4 1009 4 1010 4 1011 4 40 2 40 7
1021 1007 4 1008 4 1009 4 1010 4 1011 4 41 0 41 6
1021 1007 4 1008 4 1009 4 1010 4 1011 4 42 5 42 2
1021 1007 4 1008 4 1009 4 1010 4 1011 4 44 7 44 5
1021 1007 4 1008 4 1009 4 1010 4 1011 4 49 2 49 5
1021 1007 4 1008 4 1009 4 1010 4 1011 4 57 5 57 7
1021 1007 4 1008 4 1009 4 1010 4 1011 4 58 6 58 2
1021 1007 4 1008 4 1009 4 1010 4 1011 4 64 7 64 0
1021 1007 4 1008 4 1009 4 1010 4 1011 4 68 7 68 2
1021 1007 4 1008 4 1009 4 1010 4 1011 4 84 0 84 7
1021 1007 4 1008 4 1009 4 1010 4 1011 4 88 5 88 2
1021 1007 4 1008 4 1009 4 1010 4 1011 4 92 6 92 1
1021 1007 4 1008 4 1009 4 1010 4 1011 4 98 1 98 7
1021 1007 4 1008 4 1009 4 1010 4 1011 4 99 7 99 1
1021 1007 4 1008 4 1009 4 1010 4 1011 4 25 0 19 0
1021 1007 4 1008 4 1009 4 1010 4 1011 4 13 1 17 1
1021 1007 4 1008 4 1009 4 1010 4 1011 4 42 2 68 2
1021 1007 4 1008 4 1009 4 1010 4 1011 4 99 3 98 3
1021 1007 4 1008 4 1009 4 1010 4 1011 4 98 4 99 4
1021 1007 4 1008 4 1009 4 1010 4 1011 4 19 5 32 5
1021 1007 4 1008 4 1009 4 1010 4 1011 4 25 6 44 6
1021 1007 4 1008 4 1009 4 1010 4 1011 4 44 7 98 7
1021 1007 4 1008 4 1009 4 1010 4 1011 4 40 6 19 6
1021 1007 4 1008 4 1009 4 1010 4 1011 4 44 6 32 7
1021 1007 4 1008 4 1009 4 1010 4 1011 4 13 1 84 7
1021 1007 4 1008 4 1009 4 1010 4 1011 4 88 2 32 7
1021 1007 4 1008 4 1009 4 1010 4 1011 4 64 7 49 5
1021 1007 4 1008 4 1009 4 1010 4 1011 4 32 5 40 7
1021 1007 4 1008 4 1009 4 1010 4 1011 4 25 2 26 0
1021 1007 4 1008 4 1009 4 1010 4 1011 4 98 2 99 2
1021 1007 4 1008 4 1009 4 1010 4 1011 4 58 2 11 1
1021 1007 4 1008 4 1009 4 1010 4 1011 4 88 5 32 2
1021 1007 4 1008 4 1009 4 1010 4 1011 4 26 1 11 0
1021 1007 4 1008 4 1009 4 1010 4 1011 4 64 0 11 6
1021 1007 4 1008 4 1009 4 1010 4 1011 4 58 5 40 5
1021 1007 4 1008 4 1009 4 1010 4 1011 4 40 7 84 0
1021 1007 4 1008 4 1009 4 1010 4 1011 4 44 4 49 5
1021 1007 4 1008 4 1009 4 1010 4 1011 4 19 2 84 0
1021 1007 4 1008 4 1009 4 1010 4 1011 4 13 0 88 2
1021 1007 4 1008 4 1009 4 1010 4 1011 4 32 6 49 7
1021 1007 4 1008 4 1009 4 1010 4 1011 4 64 5 13 0
1021 1007 4 1008 4 1009 4 1010 4 1011 4 68 0 11 1
1021 1007 4 1008 4 1009 4 1010 4 1011 4 25 5 57 7
1021 1007 4 1008 4 1009 4 1010 4 1011 4 57 5 41 0
1021 1007 4 1008 4 1009 4 1010 4 1011 4 11 6 26 1
1021 1007 4 1008 4 1009 4 1010 4 1011 4 13 0 32 7
1021 1007 4 1008 4 1009 4 1010 4 1011 4 40 5 99 4
1021 1007 4 1008 4 1009 4 1010 4 1011 4 40 7 99 2
1021 1007 4 1008 4 1009 4 1010 4 1011 4 42 5 92 0
1021 1007 4 1008 4 1009 4 1010 4 1011 4 44 4 17 0
1021 1007 4 1008 4 1009 4 1010 4 1011 4 17 1 26 6
1021 1007 4 1008 4 1009 4 1010 4 1011 4 42 5 41 2
1021 1007 4 1008 4 1009 4 1010 4 1011 4 57 7 25 6
1021 1007 4 1008 4 1009 4 1010 4 1011 4 40 7 41 0
1021 1007 4 1008 4 1009 4 1010 4 1011 4 88 7 49 2
1021 1007 4 1008 4 1009 4 1010 4 1011 4 57 5 68 2
1021 1007 4 1008 4 1009 4 1010 4 1011 4 17 1 64 2
1021 1007 4 1008 4 1009 4 1010 4 1011 4 92 1 40 6
1021 1007 4 1008 4 1009 4 1010 4 1011 4 40 5 25 6
1021 1007 4 1008 4 1009 4 1010 4 1011 4 92 6 88 5
1021 1007 4 1008 4 1009 4 1010 4 1011 4 26 1 17 1
1021 1007 4 1008 4 1009 4 1010 4 1011 4 84 7 32 7
1021 1007 4 1008 4 1009 4 1010 4 1011 4 32 7 17 0
1021 1007 4 1008 4 1009 4 1010 4 1011 4 19 7 58 5
1021 1007 4 1008 4 1009 4 1010 4 1011 4 25 4 40 7
1021 1007 4 1008 4 1009 4 1010 4 1011 4 19 5 49 5
1021 1007 4 1008 4 1009 4 1010 4 1011 4 57 2 42 2
1021 1007 4 1008 4 1009 4 1010 4 1011 4 19 7 49 6
1021 1007 4 1008 4 1009 4 1010 4 1011 4 88 5 99 4
1021 1007 4 1008 4 1009 4 1010 4 1011 4 99 2 42 5
1021 1007 4 1008 4 1009 4 1010 4 1011 4 64 2 88 2
1021 1007 4 1008 4 1009 4 1010 4 1011 4 44 5 92 0
1021 1007 4 1008 4 1009 4 1010 4 1011 4 32 7 41 7
1021 1007 4 1008 4 1009 4 1010 4 1011 4 58 6 84 2
1021 1007 4 1008 4 1009 4 1010 4 1011 4 44 4 19 5
1021 1007 4 1008 4 1009 4 1010 4 1011 4 98 4 57 5
1021 1007 4 1008 4 1009 4 1010 4 1011 4 99 3 17 1
1021 1007 4 1008 4 1009 4 1010 4 1011 4 57 5 99 4
1021 1007 4 1008 4 1009 4 1010 4 1011 4 98 3 99 7
1021 1007 4 1008 4 1009 4 1010 4 1011 4 25 5 17 0
1021 1007 4 1008 4 1009 4 1010 4 1011 4 13 0 40 2
1021 1007 4 1008 4 1009 4 1010 4 1011 4 41 2 11 6
1021 1007 4 1008 4 1009 4 1010 4 1011 4 19 2 25 5
1021 1007 4 1008 4 1009 4 1010 4 1011 4 98 7 11 0
1021 1007 4 1008 4 1009 4 1010 4 1011 4 64 7 32 2
1021 1007 4 1008 4 1009 4 1010 4 1011 4 99 2 98 7
1021 1007 4 1008 4 1009 4 1010 4 1011 4 64 7 44 6
1021 1007 4 1008 4 1009 4 1010 4 1011 4 84 0 11 0
1021 1007 4 1008 4 1009 4 1010 4 1011 4 44 5 42 2
1021 1007 4 1008 4 1009 4 1010 4 1011 4 92 6 98 1
1021 1007 4 1008 4 1009 4 1010 4 1011 4 68 0 49 7
1021 1007 4 1008 4 1009 4 1010 4 1011 4 88 7 98 3
1021 1007 4 1008 4 1009 4 1010 4 1011 4 44 2 98 2
1021 1007 4 1008 4 1009 4 1010 4 1011 4 99 2 17 0
1021 1007 4 1008 4 1009 4 1010 4 1011 4 88 5 84 2
1021 1007 4 1008 4 1009 4 1010 4 1011 4 88 5 98 1
1021 1007 4 1008 4 1009 4 1010 4 1011 4 44 6 64 7
1021 1007 4 1008 4 1009 4 1010 4 1011 4 41 7 19 7
1021 1007 4 1008 4 1009 4 1010 4 1011 4 44 2 13 1
1021 1007 4 1008 4 1009 4 1010 4 1011 4 84 0 19 2
1021 1007 4 1008 4 1009 4 1010 4 1011 4 42 5 99 7
1021 1007 4 1008 4 1009 4 1010 4 1011 4 40 7 25 4
1021 1007 4 1008 4 1009 4 1010 4 1011 4 11 1 13 0
1021 1007 4 1008 4 1009 4 1010 4 1011 4 32 5 42 2
1021 1007 4 1008 4 1009 4 1010 4 1011 4 40 2 92 1
1021 1007 4 1008 4 1009 4 1010 4 1011 4 49 6 98 1
1021 1007 4 1008 4 1009 4 1010 4 1011 4 58 7 68 0
1021 1007 4 1008 4 1009 4 1010 4 1011 4 17 1 58 5
1021 1007 4 1008 4 1009 4 1010 4 1011 4 92 6 25 6
1021 1007 4 1008 4 1009 4 1010 4 1011 4 26 1 92 0
1021 1007 4 1008 4 1009 4 1010 4 1011 4 98 4 25 5
1021 1007 4 1008 4 1009 4 1010 4 1011 4 11 0 99 4
1021 1007 4 1008 4 1009 4 1010 4 1011 4 25 5 49 6
1021 1007 4 1008 4 1009 4 1010 4 1011 4 25 7 84 0
1021 1007 4 1008 4 1009 4 1010 4 1011 4 19 5 57 7
1021 1007 4 1008 4 1009 4 1010 4 1011 4 84 0 25 6
1021 1007 4 1008 4 1009 4 1010 4 1011 4 98 4 58 6
1021 1007 4 1008 4 1009 4 1010 4 1011 4 40 2 42 5
1021 1007 4 1008 4 1009 4 1010 4 1011 4 49 7 26 6
1021 1007 4 1008 4 1009 4 1010 4 1011 4 32 2 68 2
1021 1007 4 1008 4 1009 4 1010 4 1011 4 26 6 32 5
1021 1007 4 1008 4 1009 4 1010 4 1011 4 64 5 42 5
1021 1007 4 1008 4 1009 4 1010 4 1011 4 64 7 84 2
1021 1007 4 1008 4 1009 4 1010 4 1011 4 84 2 25 6
1021 1007 4 1008 4 1009 4 1010 4 1011 4 98 2 32 6
1021 1007 4 1008 4 1009 4 1010 4 1011 4 44 5 58 5
1021 1007 4 1008 4 1009 4 1010 4 1011 4 92 0 99 3
1021 1007 4 1008 4 1009 4 1010 4 1011 4 40 2 88 5
1021 1007 4 1008 4 1009 4 1010 4 1011 4 68 2 41 7
1021 1007 4 1008 4 1009 4 1010 4 1011 4 26 6 17 1
1021 1007 4 1008 4 1009 4 1010 4 1011 4 26 0 92 0
1021 1007 4 1008 4 1009 4 1010 4 1011 4 41 0 68 0
1021 1007 4 1008 4 1009 4 1010 4 1011 4 98 7 58 5
1021 1007 4 1008 4 1009 4 1010 4 1011 4 84 2 44 7
1021 1007 4 1008 4 1009 4 1010 4 1011 4 32 5 57 5
1021 1007 4 1008 4 1009 4 1010 4 1011 4 25 4 19 7
1021 1007 4 1008 4 1009 4 1010 4 1011 4 98 4 41 2
1021 1007 4 1008 4 1009 4 1010 4 1011 4 19 6 25 6
1021 1007 4 1008 4 1009 4 1010 4 1011 4 42 5 88 5
1021 1007 4 1008 4 1009 4 1010 4 1011 4 42 5 19 0
1021 1007 4 1008 4 1009 4 1010 4 1011 4 99 1 19 6
1021 1007 4 1008 4 1009 4 1010 4 1011 4 41 0 32 2
1021 1007 4 1008 4 1009 4 1010 4 1011 4 88 7 11 6
1021 1007 4 1008 4 1009 4 1010 4 1011 4 32 6 64 2
1021 1007 4 1008 4 1009 4 1010 4 1011 4 44 5 84 0
1021 1007 4 1008 4 1009 4 1010 4 1011 4 44 7 92 0
1021 1007 4 1008 4 1009 4 1010 4 1011 4 99 3 92 1
1021 1007 4 1008 4 1009 4 1010 4 1011 4 88 7 92 0
1021 1007 4 1008 4 1009 4 1010 4 1011 4 57 2 11 1
1021 1007 4 1008 4 1009 4 1010 4 1011 4 92 6 32 6
1021 1007 4 1008 4 1009 4 1010 4 1011 4 40 6 32 7
1021 1007 4 1008 4 1009 4 1010 4 1011 4 11 0 41 0
1021 1007 4 1008 4 1009 4 1010 4 1011 4 19 2 13 1
1021 1007 4 1008 4 1009 4 1010 4 1011 4 58 6 26 0
1021 1007 4 1008 4 1009 4 1010 4 1011 4 64 5 84 0
1021 1007 4 1008 4 1009 4 1010 4 1011 4 98 2 40 5
1021 1007 4 1008 4 1009 4 1010 4 1011 4 17 1 92 1
1021 1007 4 1008 4 1009 4 1010 4 1011 4 57 5 99 1
1021 1007 4 1008 4 1009 4 1010 4 1011 4 99 7 64 5
1021 1007 4 1008 4 1009 4 1010 4 1011 4 11 6 41 7
1021 1007 4 1008 4 1009 4 1010 4 1011 4 32 2 49 6
1021 1007 4 1008 4 1009 4 1010 4 1011 4 41 2 40 5
1021 1007 4 1008 4 1009 4 1010 4 1011 4 58 5 11 6
1021 1007 4 1008 4 1009 4 1010 4 1011 4 17 1 32 5
1021 1007 4 1008 4 1009 4 1010 4 1011 4 92 1 11 6
1021 1007 4 1008 4 1009 4 1010 4 1011 4 92 6 58 6
1021 1007 4 1008 4 1009 4 1010 4 1011 4 41 7 57 5
1021 1007 4 1008 4 1009 4 1010 4 1011 4 13 1 42 5
1021 1007 4 1008 4 1009 4 1010 4 1011 4 98 1 17 1
1021 1007 4 1008 4 1009 4 1010 4 1011 4 58 7 26 6
1021 1007 4 1008 4 1009 4 1010 4 1011 4 17 1 57 5
1021 1007 4 1008 4 1009 4 1010 4 1011 4 49 5 64 5
1021 1007 4 1008 4 1009 4 1010 4 1011 4 41 2 57 5
1021 1007 4 1008 4 1009 4 1010 4 1011 4 92 6 57 2
1021 1007 4 1008 4 1009 4 1010 4 1011 4 26 6 44 7
1021 1007 4 1008 4 1009 4 1010 4 1011 4 68 7 32 7
1021 1007 4 1008 4 1009 4 1010 4 1011 4 32 7 92 6
1021 1007 4 1008 4 1009 4 1010 4 1011 4 40 6 26 1
1021 1007 4 1008 4 1009 4 1010 4 1011 4 44 7 99 7
1021 1007 4 1008 4 1009 4 1010 4 1011 4 44 7 25 2
1021 1007 4 1008 4 1009 4 1010 4 1011 4 26 1 17 0
1021 1007 4 1008 4 1009 4 1010 4 1011 4 13 0 88 7
1021 1007 4 1008 4 1009 4 1010 4 1011 4 25 6 58 7
1021 1007 4 1008 4 1009 4 1010 4 1011 4 40 2 17 1
1021 1007 4 1008 4 1009 4 1010 4 1011 4 40 6 98 1
1021 1007 4 1008 4 1009 4 1010 4 1011 4 40 5 92 6
1021 1007 4 1008 4 1009 4 1010 4 1011 4 92 1 84 2
1021 1007 4 1008 4 1009 4 1010 4 1011 4 26 1 64 5
1021 1007 4 1008 4 1009 4 1010 4 1011 4 84 7 25 6
1021 1007 4 1008 4 1009 4 1010 4 1011 4 99 1 88 5
1021 1007 4 1008 4 1009 4 1010 4 1011 4 42 2 58 6
1021 1007 4 1008 4 1009 4 1010 4 1011 4 68 7 88 2
1021 1007 4 1008 4 1009 4 1010 4 1011 4 98 4 17 1
1021 1007 4 1008 4 1009 4 1010 4 1011 4 42 5 13 1
1021 1007 4 1008 4 1009 4 1010 4 1011 4 57 5 13 1
1021 1007 4 1008 4 1009 4 1010 4 1011 4 42 5 49 6
1021 1007 4 1008 4 1009 4 1010 4 1011 4 26 0 49 5
1021 1007 4 1008 4 1009 4 1010 4 1011 4 44 0 58 6
1021 1007 4 1008 4 1009 4 1010 4 1011 4 11 1 84 7
1021 1007 4 1008 4 1009 4 1010 4 1011 4 49 6 13 1
1021 1007 4 1008 4 1009 4 1010 4 1011 4 98 4 99 7
1021 1007 4 1008 4 1009 4 1010 4 1011 4 64 7 11 0
1021 1007 4 1008 4 1009 4 1010 4 1011 4 92 1 57 5
1021 1007 4 1008 4 1009 4 1010 4 1011 4 58 5 19 5
1021 1007 4 1008 4 1009 4 1010 4 1011 4 49 7 92 1
1021 1007 4 1008 4 1009 4 1010 4 1011 4 40 2 42 2
1021 1007 4 1008 4 1009 4 1010 4 1011 4 49 2 68 2
1021 1007 4 1008 4 1009 4 1010 4 1011 4 25 7 40 7
1021 1007 4 1008 4 1009 4 1010 4 1011 4 68 2 64 7
1021 1007 4 1008 4 1009 4 1010 4 1011 4 17 1 25 4
1021 1007 4 1008 4 1009 4 1010 4 1011 4 57 7 68 2
1021 1007 4 1008 4 1009 4 1010 4 1011 4 92 6 17 0
1021 1007 4 1008 4 1009 4 1010 4 1011 4 58 7 92 0
1021 1007 4 1008 4 1009 4 1010 4 1011 4 11 1 57 7
1021 1007 4 1008 4 1009 4 1010 4 1011 4 11 1 11 6
1021 1007 4 1008 4 1009 4 1010 4 1011 4 13 1 13 0
1021 1007 4 1008 4 1009 4 1010 4 1011 4 19 2 19 6
1021 1007 4 1008 4 1009 4 1010 4 1011 4 25 5 25 7
1021 1007 4 1008 4 1009 4 1010 4 1011 4 26 6 26 1
1021 1007 4 1008 4 1009 4 1010 4 1011 4 32 2 32 6
1021 1007 4 1008 4 1009 4 1010 4 1011 4 40 6 40 7
1021 1007 4 1008 4 1009 4 1010 4 1011 4 44 6 44 5
1021 1007 4 1008 4 1009 4 1010 4 1011 4 49 2 49 6
1021 1007 4 1008 4 1009 4 1010 4 1011 4 57 2 57 5
1021 1007 4 1008 4 1009 4 1010 4 1011 4 58 2 58 7
1021 1007 4 1008 4 1009 4 1010 4 1011 4 68 0 68 7
1021 1007 4 1008 4 1009 4 1010 4 1011 4 84 2 84 0
1021 1007 4 1008 4 1009 4 1010 4 1011 4 88 2 88 7
1021 1007 4 1008 4 1009 4 1010 4 1011 4 19 0 64 0
1021 1007 4 1008 4 1009 4 1010 4 1011 4 98 1 11 1
1021 1007 4 1008 4 1009 4 1010 4 1011 4 99 2 42 2
1021 1007 4 1008 4 1009 4 1010 4 1011 4 98 3 99 3
1021 1007 4 1008 4 1009 4 1010 4 1011 4 99 4 25 4
1021 1007 4 1008 4 1009 4 1010 4 1011 4 88 5 44 5
1021 1007 4 1008 4 1009 4 1010 4 1011 4 19 6 49 6
1021 1007 4 1008 4 1009 4 1010 4 1011 4 99 7 64 7
1021 1007 4 1008 4 1009 4 1010 4 1011 4 84 2 42 5
1021 1007 4 1008 4 1009 4 1010 4 1011 4 98 7 64 5
1021 1007 4 1008 4 1009 4 1010 4 1011 4 57 5 25 2
1021 1007 4 1008 4 1009 4 1010 4 1011 4 98 4 44 2
1021 1007 4 1008 4 1009 4 1010 4 1011 4 40 6 49 5
1021 1007 4 1008 4 1009 4 1010 4 1011 4 99 2 19 7
1021 1007 4 1008 4 1009 4 1010 4 1011 4 11 6 40 5
1021 1007 4 1008 4 1009 4 1010 4 1011 4 13 1 44 4
1021 1007 4 1008 4 1009 4 1010 4 1011 4 88 2 68 7
1021 1007 4 1008 4 1009 4 1010 4 1011 4 98 1 32 6
1021 1007 4 1008 4 1009 4 1010 4 1011 4 64 2 25 0
1021 1007 4 1008 4 1009 4 1010 4 1011 4 92 6 68 7
1021 1007 4 1008 4 1009 4 1010 4 1011 4 11 1 42 5
1021 1007 4 1008 4 1009 4 1010 4 1011 4 32 6 49 6
1021 1007 4 1008 4 1009 4 1010 4 1011 4 26 0 49 7
1021 1007 4 1008 4 1009 4 1010 4 1011 4 92 0 44 0
1021 1007 4 1008 4 1009 4 1010 4 1011 4 41 2 88 5
1021 1007 4 1008 4 1009 4 1010 4 1011 4 84 7 99 4
1021 1007 4 1008 4 1009 4 1010 4 1011 4 92 6 11 0
1021 1007 4 1008 4 1009 4 1010 4 1011 4 98 1 41 6
1021 1007 4 1008 4 1009 4 1010 4 1011 4 41 0 26 1
1021 1007 4 1008 4 1009 4 1010 4 1011 4 25 6 88 2
1021 1007 4 1008 4 1009 4 1010 4 1011 4 41 7 57 7
1021 1007 4 1008 4 1009 4 1010 4 1011 4 11 0 99 2
1021 1007 4 1008 4 1009 4 1010 4 1011 4 84 2 58 7
1021 1007 4 1008 4 1009 4 1010 4 1011 4 88 2 13 0
1021 1007 4 1008 4 1009 4 1010 4 1011 4 25 5 26 0
1021 1007 4 1008 4 1009 4 1010 4 1011 4 26 6 19 5
1021 1007 4 1008 4 1009 4 1010 4 1011 4 41 0 40 2
1021 1007 4 1008 4 1009 4 1010 4 1011 4 19 0 84 7
1021 1007 4 1008 4 1009 4 1010 4 1011 4 32 7 11 6
1021 1007 4 1008 4 1009 4 1010 4 1011 4 42 5 11 0
1021 1007 4 1008 4 1009 4 1010 4 1011 4 32 6 58 5
1021 1007 4 1008 4 1009 4 1010 4 1011 4 49 2 32 2
1021 1007 4 1008 4 1009 4 1010 4 1011 4 64 7 92 6
1021 1007 4 1008 4 1009 4 1010 4 1011 4 17 0 68 2
1021 1007 4 1008 4 1009 4 1010 4 1011 4 64 2 84 0
1021 1007 4 1008 4 1009 4 1010 4 1011 4 44 0 42 2
1021 1007 4 1008 4 1009 4 1010 4 1011 4 19 0 49 2
1021 1007 4 1008 4 1009 4 1010 4 1011 4 68 7 11 1
1021 1007 4 1008 4 1009 4 1010 4 1011 4 49 5 40 5
1021 1007 4 1008 4 1009 4 1010 4 1011 4 41 2 44 5
1021 1007 4 1008 4 1009 4 1010 4 1011 4 64 0 13 1
1021 1007 4 1008 4 1009 4 1010 4 1011 4 11 1 17 0
1021 1007 4 1008 4 1009 4 1010 4 1011 4 49 6 32 2
1021 1007 4 1008 4 1009 4 1010 4 1011 4 58 6 40 6
1021 1007 4 1008 4 1009 4 1010 4 1011 4 26 1 42 2
1021 1007 4 1008 4 1009 4 1010 4 1011 4 26 0 99 4
1021 1007 4 1008 4 1009 4 1010 4 1011 4 17 0 64 2
1021 1007 4 1008 4 1009 4 1010 4 1011 4 25 7 68 0
1021 1007 4 1008 4 1009 4 1010 4 1011 4 40 2 57 5
1021 1007 4 1008 4 1009 4 1010 4 1011 4 13 0 99 1
1021 1007 4 1008 4 1009 4 1010 4 1011 4 92 0 42 2
1021 1007 4 1008 4 1009 4 1010 4 1011 4 11 6 88 7
1021 1007 4 1008 4 1009 4 1010 4 1011 4 88 7 99 2
1021 1007 4 1008 4 1009 4 1010 4 1011 4 40 5 88 2
1021 1007 4 1008 4 1009 4 1010 4 1011 4 64 7 42 5
1021 1007 4 1008 4 1009 4 1010 4 1011 4 11 0 26 1
1021 1007 4 1008 4 1009 4 1010 4 1011 4 26 0 58 7
1021 1007 4 1008 4 1009 4 1010 4 1011 4 42 5 13 0
1021 1007 4 1008 4 1009 4 1010 4 1011 4 42 5 58 5
1021 1007 4 1008 4 1009 4 1010 4 1011 4 64 5 40 5
1021 1007 4 1008 4 1009 4 1010 4 1011 4 57 2 92 1
1021 1007 4 1008 4 1009 4 1010 4 1011 4 42 5 64 5
1021 1007 4 1008 4 1009 4 1010 4 1011 4 68 0 13 0
1021 1007 4 1008 4 1009 4 1010 4 1011 4 57 2 98 7
1021 1007 4 1008 4 1009 4 1010 4 1011 4 44 7 11 1
1021 1007 4 1008 4 1009 4 1010 4 1011 4 64 5 13 1
1021 1007 4 1008 4 1009 4 1010 4 1011 4 32 5 98 4
1021 1007 4 1008 4 1009 4 1010 4 1011 4 25 2 19 0
1021 1007 4 1008 4 1009 4 1010 4 1011 4 13 1 19 6
1021 1007 4 1008 4 1009 4 1010 4 1011 4 88 2 64 2
1021 1007 4 1008 4 1009 4 1010 4 1011 4 13 0 57 5
1021 1007 4 1008 4 1009 4 1010 4 1011 4 68 7 26 6
1021 1007 4 1008 4 1009 4 1010 4 1011 4 99 1 68 2
1021 1007 4 1008 4 1009 4 1010 4 1011 4 41 0 64 7
1021 1007 4 1008 4 1009 4 1010 4 1011 4 84 7 92 6
1021 1007 4 1008 4 1009 4 1010 4 1011 4 42 2 25 4
1021 1007 4 1008 4 1009 4 1010 4 1011 4 19 0 57 5
1021 1007 4 1008 4 1009 4 1010 4 1011 4 64 0 99 7
1021 1007 4 1008 4 1009 4 1010 4 1011 4 19 2 57 2
1021 1007 4 1008 4 1009 4 1010 4 1011 4 13 0 41 0
1021 1007 4 1008 4 1009 4 1010 4 1011 4 19 2 99 7
1021 1007 4 1008 4 1009 4 1010 4 1011 4 19 0 92 0
1021 1007 4 1008 4 1009 4 1010 4 1011 4 57 2 40 2
1021 1007 4 1008 4 1009 4 1010 4 1011 4 88 7 32 2
1021 1007 4 1008 4 1009 4 1010 4 1011 4 64 5 44 6
1021 1007 4 1008 4 1009 4 1010 4 1011 4 19 7 98 4
1021 1007 4 1008 4 1009 4 1010 4 1011 4 58 5 40 7
1021 1007 4 1008 4 1009 4 1010 4 1011 4 98 2 58 6
1021 1007 4 1008 4 1009 4 1010 4 1011 4 49 2 92 0
1021 1007 4 1008 4 1009 4 1010 4 1011 4 49 5 88 5
1021 1007 4 1008 4 1009 4 1010 4 1011 4 58 2 64 7
1021 1007 4 1008 4 1009 4 1010 4 1011 4 42 5 40 7
1021 1007 4 1008 4 1009 4 1010 4 1011 4 19 0 68 2
1021 1007 4 1008 4 1009 4 1010 4 1011 4 25 7 26 0
1021 1007 4 1008 4 1009 4 1010 4 1011 4 57 7 68 7
1021 1007 4 1008 4 1009 4 1010 4 1011 4 98 4 88 2
1021 1007 4 1008 4 1009 4 1010 4 1011 4 99 7 92 1
1021 1007 4 1008 4 1009 4 1010 4 1011 4 84 0 68 2
1021 1007 4 1008 4 1009 4 1010 4 1011 4 58 2 68 7
1021 1007 4 1008 4 1009 4 1010 4 1011 4 84 0 98 2
1021 1007 4 1008 4 1009 4 1010 4 1011 4 64 5 58 7
1021 1007 4 1008 4 1009 4 1010 4 1011 4 26 0 92 1
1021 1007 4 1008 4 1009 4 1010 4 1011 4 92 6 44 6
1021 1007 4 1008 4 1009 4 1010 4 1011 4 99 4 57 2
1021 1007 4 1008 4 1009 4 1010 4 1011 4 11 1 42 2
1021 1007 4 1008 4 1009 4 1010 4 1011 4 17 0 32 6
1021 1007 4 1008 4 1009 4 1010 4 1011 4 84 2 58 6
1021 1007 4 1008 4 1009 4 1010 4 1011 4 40 7 11 6
1021 1007 4 1008 4 1009 4 1010 4 1011 4 57 7 32 5
1021 1007 4 1008 4 1009 4 1010 4 1011 4 32 6 58 7
1021 1007 4 1008 4 1009 4 1010 4 1011 4 13 1 44 7
1021 1007 4 1008 4 1009 4 1010 4 1011 4 25 2 58 2
1021 1007 4 1008 4 1009 4 1010 4 1011 4 32 6 92 1
1021 1007 4 1008 4 1009 4 1010 4 1011 4 13 1 64 2
1021 1007 4 1008 4 1009 4 1010 4 1011 4 99 1 17 0
1021 1007 4 1008 4 1009 4 1010 4 1011 4 99 3 32 7
1021 1007 4 1008 4 1009 4 1010 4 1011 4 88 2 25 0
1021 1007 4 1008 4 1009 4 1010 4 1011 4 17 1 26 1
1021 1007 4 1008 4 1009 4 1010 4 1011 4 41 7 98 3
1021 1007 4 1008 4 1009 4 1010 4 1011 4 40 7 44 6
1021 1007 4 1008 4 1009 4 1010 4 1011 4 26 6 68 0
1021 1007 4 1008 4 1009 4 1010 4 1011 4 25 5 92 0
1021 1007 4 1008 4 1009 4 1010 4 1011 4 41 7 17 1
1021 1007 4 1008 4 1009 4 1010 4 1011 4 25 0 17 1
1021 1007 4 1008 4 1009 4 1010 4 1011 4 44 4 49 6
1021 1007 4 1008 4 1009 4 1010 4 1011 4 19 0 42 5
1021 1007 4 1008 4 1009 4 1010 4 1011 4 49 5 84 0
1021 1007 4 1008 4 1009 4 1010 4 1011 4 19 7 57 7
1021 1007 4 1008 4 1009 4 1010 4 1011 4 84 0 44 5
1021 1007 4 1008 4 1009 4 1010 4 1011 4 44 4 64 7
1021 1007 4 1008 4 1009 4 1010 4 1011 4 99 4 32 2
1021 1007 4 1008 4 1009 4 1010 4 1011 4 57 2 44 4
1021 1007 4 1008 4 1009 4 1010 4 1011 4 13 0 84 7
1021 1007 4 1008 4 1009 4 1010 4 1011 4 58 5 98 7
1021 1007 4 1008 4 1009 4 1010 4 1011 4 64 2 92 0
1021 1007 4 1008 4 1009 4 1010 4 1011 4 68 0 41 0
1021 1007 4 1008 4 1009 4 1010 4 1011 4 84 7 98 7
1021 1007 4 1008 4 1009 4 1010 4 1011 4 58 5 88 2
1021 1007 4 1008 4 1009 4 1010 4 1011 4 41 0 68 2
1021 1007 4 1008 4 1009 4 1010 4 1011 4 92 1 88 2
1021 1007 4 1008 4 1009 4 1010 4 1011 4 49 7 58 7
1021 1007 4 1008 4 1009 4 1010 4 1011 4 32 5 88 7
1021 1007 4 1008 4 1009 4 1010 4 1011 4 25 6 98 4
1021 1007 4 1008 4 1009 4 1010 4 1011 4 68 2 44 4
1021 1007 4 1008 4 1009 4 1010 4 1011 4 98 1 57 5
1021 1007 4 1008 4 1009 4 1010 4 1011 4 58 2 42 5
1021 1007 4 1008 4 1009 4 1010 4 1011 4 49 5 58 7
1021 1007 4 1008 4 1009 4 1010 4 1011 4 17 0 49 2
1021 1007 4 1008 4 1009 4 1010 4 1011 4 40 6 92 6
1021 1007 4 1008 4 1009 4 1010 4 1011 4 88 2 49 2
1021 1007 4 1008 4 1009 4 1010 4 1011 4 19 7 98 3
1021 1007 4 1008 4 1009 4 1010 4 1011 4 98 7 68 2
1021 1007 4 1008 4 1009 4 1010 4 1011 4 42 2 58 2
1021 1007 4 1008 4 1009 4 1010 4 1011 4 40 7 64 2
1021 1007 4 1008 4 1009 4 1010 4 1011 4 26 1 88 7
1021 1007 4 1008 4 1009 4 1010 4 1011 4 64 5 25 6
1021 1007 4 1008 4 1009 4 1010 4 1011 4 25 4 84 7
1021 1007 4 1008 4 1009 4 1010 4 1011 4 44 6 26 6
1021 1007 4 1008 4 1009 4 1010 4 1011 4 19 6 88 7
1021 1007 4 1008 4 1009 4 1010 4 1011 4 11 6 19 5
1021 1007 4 1008 4 1009 4 1010 4 1011 4 17 1 58 2
1021 1007 4 1008 4 1009 4 1010 4 1011 4 17 1 11 0
1021 1007 4 1008 4 1009 4 1010 4 1011 4 44 7 19 7
1021 1007 4 1008 4 1009 4 1010 4 1011 4 11 1 26 1
1021 1007 4 1008 4 1009 4 1010 4 1011 4 26 0 17 0
1021 1007 4 1008 4 1009 4 1010 4 1011 4 64 2 42 5
1021 1007 4 1008 4 1009 4 1010 4 1011 4 40 6 57 5
1021 1007 4 1008 4 1009 4 1010 4 1011 4 99 7 11 6
1021 1007 4 1008 4 1009 4 1010 4 1011 4 57 2 26 6
1021 1007 4 1008 4 1009 4 1010 4 1011 4 11 6 32 7
1021 1007 4 1008 4 1009 4 1010 4 1011 4 64 7 68 7
1021 1007 4 1008 4 1009 4 1010 4 1011 4 98 7 19 7
1021 1007 4 1008 4 1009 4 1010 4 1011 4 58 5 68 7
1021 1007 4 1008 4 1009 4 1010 4 1011 4 98 2 19 2
1021 1007 4 1008 4 1009 4 1010 4 1011 4 58 2 84 0
1021 1007 4 1008 4 1009 4 1010 4 1011 4 41 6 25 5
1021 1007 4 1008 4 1009 4 1010 4 1011 4 88 5 57 5
1021 1007 4 1008 4 1009 4 1010 4 1011 4 17 0 44 7
1021 1007 4 1008 4 1009 4 1010 4 1011 4 41 6 57 2
1021 1007 4 1008 4 1009 4 1010 4 1011 4 57 7 49 7
1021 1007 4 1008 4 1009 4 1010 4 1011 4 99 4 17 0
1021 1007 4 1008 4 1009 4 1010 4 1011 4 25 0 44 4
1021 1007 4 1008 4 1009 4 1010 4 1011 4 98 1 58 7
1021 1007 4 1008 4 1009 4 1010 4 1011 4 49 7 98 2
1021 1007 4 1008 4 1009 4 1010 4 1011 4 49 6 92 1
1021 1007 4 1008 4 1009 4 1010 4 1011 4 57 7 13 1
1021 1007 4 1008 4 1009 4 1010 4 1011 4 92 1 64 2
1021 1007 4 1008 4 1009 4 1010 4 1011 4 11 0 11 6
1021 1007 4 1008 4 1009 4 1010 4 1011 4 17 1 17 0
1021 1007 4 1008 4 1009 4 1010 4 1011 4 19 7 19 2
1021 1007 4 1008 4 1009 4 1010 4 1011 4 25 5 25 4
1021 1007 4 1008 4 1009 4 1010 4 1011 4 26 6 26 0
1021 1007 4 1008 4 1009 4 1010 4 1011 4 32 7 32 6
1021 1007 4 1008 4 1009 4 1010 4 1011 4 41 0 41 7
1021 1007 4 1008 4 1009 4 1010 4 1011 4 44 5 44 6
1021 1007 4 1008 4 1009 4 1010 4 1011 4 49 7 49 6
1021 1007 4 1008 4 1009 4 1010 4 1011 4 57 5 57 2
1021 1007 4 1008 4 1009 4 1010 4 1011 4 58 2 58 5
1021 1007 4 1008 4 1009 4 1010 4 1011 4 64 7 64 2
1021 1007 4 1008 4 1009 4 1010 4 1011 4 68 2 68 0
1021 1007 4 1008 4 1009 4 1010 4 1011 4 84 7 84 0
1021 1007 4 1008 4 1009 4 1010 4 1011 4 92 0 92 6
1021 1007 4 1008 4 1009 4 1010 4 1011 4 98 2 98 1
1021 1007 4 1008 4 1009 4 1010 4 1011 4 99 3 99 4
1021 1007 4 1008 4 1009 4 1010 4 1011 4 84 0 26 0
1021 1007 4 1008 4 1009 4 1010 4 1011 4 92 1 99 1
1021 1007 4 1008 4 1009 4 1010 4 1011 4 64 2 25 2
1021 1007 4 1008 4 1009 4 1010 4 1011 4 98 4 25 4
1021 1007 4 1008 4 1009 4 1010 4 1011 4 32 5 58 5
1021 1007 4 1008 4 1009 4 1010 4 1011 4 11 6 26 6
1021 1007 4 1008 4 1009 4 1010 4 1011 4 25 7 44 7
1021 1007 4 1008 4 1009 4 1010 4 1011 4 98 4 92 6
1021 1007 4 1008 4 1009 4 1010 4 1011 4 42 5 32 7
1021 1007 4 1008 4 1009 4 1010 4 1011 4 32 2 92 1
1021 1007 4 1008 4 1009 4 1010 4 1011 4 26 0 25 7
1021 1007 4 1008 4 1009 4 1010 4 1011 4 92 0 44 6
1021 1007 4 1008 4 1009 4 1010 4 1011 4 25 6 17 0
1021 1007 4 1008 4 1009 4 1010 4 1011 4 44 2 99 2
1021 1007 4 1008 4 1009 4 1010 4 1011 4 11 6 19 2
1021 1007 4 1008 4 1009 4 1010 4 1011 4 92 0 98 3
1021 1007 4 1008 4 1009 4 1010 4 1011 4 88 2 92 0
1021 1007 4 1008 4 1009 4 1010 4 1011 4 49 6 84 7
1021 1007 4 1008 4 1009 4 1010 4 1011 4 68 2 42 5
1021 1007 4 1008 4 1009 4 1010 4 1011 4 32 7 84 0
1021 1007 4 1008 4 1009 4 1010 4 1011 4 25 2 49 2
1021 1007 4 1008 4 1009 4 1010 4 1011 4 19 5 68 2
1021 1007 4 1008 4 1009 4 1010 4 1011 4 88 7 84 7
1021 1007 4 1008 4 1009 4 1010 4 1011 4 57 7 26 0
1021 1007 4 1008 4 1009 4 1010 4 1011 4 17 1 19 5
1021 1007 4 1008 4 1009 4 1010 4 1011 4 19 0 92 6
1021 1007 4 1008 4 1009 4 1010 4 1011 4 49 7 19 6
1021 1007 4 1008 4 1009 4 1010 4 1011 4 25 4 57 7
1021 1007 4 1008 4 1009 4 1010 4 1011 4 44 4 57 2
1021 1007 4 1008 4 1009 4 1010 4 1011 4 44 7 13 1
1021 1007 4 1008 4 1009 4 1010 4 1011 4 88 2 58 7
1021 1007 4 1008 4 1009 4 1010 4 1011 4 19 2 92 0
1021 1007 4 1008 4 1009 4 1010 4 1011 4 42 5 57 2
1021 1007 4 1008 4 1009 4 1010 4 1011 4 44 0 25 5
1021 1007 4 1008 4 1009 4 1010 4 1011 4 44 5 41 2
1021 1007 4 1008 4 1009 4 1010 4 1011 4 17 0 44 2
1021 1007 4 1008 4 1009 4 1010 4 1011 4 32 2 44 4
1021 1007 4 1008 4 1009 4 1010 4 1011 4 92 1 26 1
1021 1007 4 1008 4 1009 4 1010 4 1011 4 32 2 42 2
1021 1007 4 1008 4 1009 4 1010 4 1011 4 44 2 26 1
1021 1007 4 1008 4 1009 4 1010 4 1011 4 42 2 92 1
1021 1007 4 1008 4 1009 4 1010 4 1011 4 19 7 49 7
1021 1007 4 1008 4 1009 4 1010 4 1011 4 84 0 32 5
1021 1007 4 1008 4 1009 4 1010 4 1011 4 84 2 41 2
1021 1007 4 1008 4 1009 4 1010 4 1011 4 84 7 25 0
1021 1007 4 1008 4 1009 4 1010 4 1011 4 17 0 92 6
1021 1007 4 1008 4 1009 4 1010 4 1011 4 68 2 17 0
1021 1007 4 1008 4 1009 4 1010 4 1011 4 88 7 64 7
1021 1007 4 1008 4 1009 4 1010 4 1011 4 41 0 13 1
1021 1007 4 1008 4 1009 4 1010 4 1011 4 57 5 64 0
1021 1007 4 1008 4 1009 4 1010 4 1011 4 19 7 98 2
1021 1007 4 1008 4 1009 4 1010 4 1011 4 32 6 41 0
1021 1007 4 1008 4 1009 4 1010 4 1011 4 17 1 13 1
1021 1007 4 1008 4 1009 4 1010 4 1011 4 64 7 68 0
1021 1007 4 1008 4 1009 4 1010 4 1011 4 40 7 19 5
1021 1007 4 1008 4 1009 4 1010 4 1011 4 40 2 84 7
1021 1007 4 1008 4 1009 4 1010 4 1011 4 68 0 84 2
1021 1007 4 1008 4 1009 4 1010 4 1011 4 42 2 40 7
1021 1007 4 1008 4 1009 4 1010 4 1011 4 49 7 68 0
1021 1007 4 1008 4 1009 4 1010 4 1011 4 58 6 44 7
1021 1007 4 1008 4 1009 4 1010 4 1011 4 32 2 19 5
1021 1007 4 1008 4 1009 4 1010 4 1011 4 99 7 13 0
1021 1007 4 1008 4 1009 4 1010 4 1011 4 57 5 40 2
1021 1007 4 1008 4 1009 4 1010 4 1011 4 57 5 44 0
1021 1007 4 1008 4 1009 4 1010 4 1011 4 26 0 68 7
1021 1007 4 1008 4 1009 4 1010 4 1011 4 25 2 98 3
1021 1007 4 1008 4 1009 4 1010 4 1011 4 49 5 58 6
1021 1007 4 1008 4 1009 4 1010 4 1011 4 58 6 32 6
1021 1007 4 1008 4 1009 4 1010 4 1011 4 99 2 19 2
1021 1007 4 1008 4 1009 4 1010 4 1011 4 64 2 42 2
1021 1007 4 1008 4 1009 4 1010 4 1011 4 44 0 41 0
1021 1007 4 1008 4 1009 4 1010 4 1011 4 98 7 92 6
1021 1007 4 1008 4 1009 4 1010 4 1011 4 98 1 11 0
1021 1007 4 1008 4 1009 4 1010 4 1011 4 11 0 57 5
1021 1007 4 1008 4 1009 4 1010 4 1011 4 32 7 19 5
1021 1007 4 1008 4 1009 4 1010 4 1011 4 64 7 58 2
1021 1007 4 1008 4 1009 4 1010 4 1011 4 58 7 11 6
1021 1007 4 1008 4 1009 4 1010 4 1011 4 13 1 84 0
1021 1007 4 1008 4 1009 4 1010 4 1011 4 99 7 98 1
1021 1007 4 1008 4 1009 4 1010 4 1011 4 40 6 41 0
1021 1007 4 1008 4 1009 4 1010 4 1011 4 41 2 68 2
1021 1007 4 1008 4 1009 4 1010 4 1011 4 26 1 57 2
1021 1007 4 1008 4 1009 4 1010 4 1011 4 42 5 44 0
1021 1007 4 1008 4 1009 4 1010 4 1011 4 19 7 17 1
1021 1007 4 1008 4 1009 4 1010 4 1011 4 40 5 41 7
1021 1007 4 1008 4 1009 4 1010 4 1011 4 44 7 42 2
1021 1007 4 1008 4 1009 4 1010 4 1011 4 13 1 11 6
1021 1007 4 1008 4 1009 4 1010 4 1011 4 99 3 13 0
1021 1007 4 1008 4 1009 4 1010 4 1011 4 40 6 64 2
1021 1007 4 1008 4 1009 4 1010 4 1011 4 32 7 41 6
1021 1007 4 1008 4 1009 4 1010 4 1011 4 40 2 64 2
1021 1007 4 1008 4 1009 4 1010 4 1011 4 68 2 11 6
1021 1007 4 1008 4 1009 4 1010 4 1011 4 42 5 92 1
1021 1007 4 1008 4 1009 4 1010 4 1011 4 99 2 44 5
1021 1007 4 1008 4 1009 4 1010 4 1011 4 40 7 44 4
1021 1007 4 1008 4 1009 4 1010 4 1011 4 41 2 84 2
1021 1007 4 1008 4 1009 4 1010 4 1011 4 25 0 42 2
1021 1007 4 1008 4 1009 4 1010 4 1011 4 64 5 19 6
1021 1007 4 1008 4 1009 4 1010 4 1011 4 98 4 13 1
1021 1007 4 1008 4 1009 4 1010 4 1011 4 44 2 99 3
1021 1007 4 1008 4 1009 4 1010 4 1011 4 40 5 42 2
1021 1007 4 1008 4 1009 4 1010 4 1011 4 26 0 57 2
1021 1007 4 1008 4 1009 4 1010 4 1011 4 32 6 84 2
1021 1007 4 1008 4 1009 4 1010 4 1011 4 19 2 41 0
1021 1007 4 1008 4 1009 4 1010 4 1011 4 92 6 64 0
1021 1007 4 1008 4 1009 4 1010 4 1011 4 41 2 57 2
1021 1007 4 1008 4 1009 4 1010 4 1011 4 92 1 40 7
1021 1007 4 1008 4 1009 4 1010 4 1011 4 68 0 40 7
1021 1007 4 1008 4 1009 4 1010 4 1011 4 42 2 26 1
1021 1007 4 1008 4 1009 4 1010 4 1011 4 25 5 84 2
1021 1007 4 1008 4 1009 4 1010 4 1011 4 44 2 98 1
1021 1007 4 1008 4 1009 4 1010 4 1011 4 44 2 68 7
1021 1007 4 1008 4 1009 4 1010 4 1011 4 64 0 11 1
1021 1007 4 1008 4 1009 4 1010 4 1011 4 25 0 40 6
1021 1007 4 1008 4 1009 4 1010 4 1011 4 58 2 19 6
1021 1007 4 1008 4 1009 4 1010 4 1011 4 92 0 32 2
1021 1007 4 1008 4 1009 4 1010 4 1011 4 19 7 17 0
1021 1007 4 1008 4 1009 4 1010 4 1011 4 19 6 41 7
1021 1007 4 1008 4 1009 4 1010 4 1011 4 64 0 40 5
1021 1007 4 1008 4 1009 4 1010 4 1011 4 84 0 68 0
1021 1007 4 1008 4 1009 4 1010 4 1011 4 99 3 41 6
1021 1007 4 1008 4 1009 4 1010 4 1011 4 49 6 58 6
1021 1007 4 1008 4 1009 4 1010 4 1011 4 17 0 41 2
1021 1007 4 1008 4 1009 4 1010 4 1011 4 11 1 58 5
1021 1007 4 1008 4 1009 4 1010 4 1011 4 58 2 13 1
1021 1007 4 1008 4 1009 4 1010 4 1011 4 84 2 17 1
1021 1007 4 1008 4 1009 4 1010 4 1011 4 42 2 99 3
1021 1007 4 1008 4 1009 4 1010 4 1011 4 25 0 64 5
1021 1007 4 1008 4 1009 4 1010 4 1011 4 68 0 40 6
1021 1007 4 1008 4 1009 4 1010 4 1011 4 64 2 92 1
1021 1007 4 1008 4 1009 4 1010 4 1011 4 25 6 13 0
1021 1007 4 1008 4 1009 4 1010 4 1011 4 11 1 99 1
1021 1007 4 1008 4 1009 4 1010 4 1011 4 40 7 41 2
1021 1007 4 1008 4 1009 4 1010 4 1011 4 84 7 49 5
1021 1007 4 1008 4 1009 4 1010 4 1011 4 92 0 68 7
1021 1007 4 1008 4 1009 4 1010 4 1011 4 57 5 32 7
1021 1007 4 1008 4 1009 4 1010 4 1011 4 19 5 11 6
1021 1007 4 1008 4 1009 4 1010 4 1011 4 58 6 19 5
1021 1007 4 1008 4 1009 4 1010 4 1011 4 11 0 92 0
1021 1007 4 1008 4 1009 4 1010 4 1011 4 98 2 84 7
1021 1007 4 1008 4 1009 4 1010 4 1011 4 98 2 41 7
1021 1007 4 1008 4 1009 4 1010 4 1011 4 19 5 57 5
1021 1007 4 1008 4 1009 4 1010 4 1011 4 26 1 98 1
1021 1007 4 1008 4 1009 4 1010 4 1011 4 17 1 44 0
1021 1007 4 1008 4 1009 4 1010 4 1011 4 98 3 84 7
1021 1007 4 1008 4 1009 4 1010 4 1011 4 32 2 92 6
1021 1007 4 1008 4 1009 4 1010 4 1011 4 64 2 44 2
1021 1007 4 1008 4 1009 4 1010 4 1011 4 58 5 41 2
1021 1007 4 1008 4 1009 4 1010 4 1011 4 19 5 84 0
1021 1007 4 1008 4 1009 4 1010 4 1011 4 57 2 19 5
1021 1007 4 1008 4 1009 4 1010 4 1011 4 98 7 17 1
1021 1007 4 1008 4 1009 4 1010 4 1011 4 42 5 17 0
1021 1007 4 1008 4 1009 4 1010 4 1011 4 88 2 68 0
1021 1007 4 1008 4 1009 4 1010 4 1011 4 32 6 98 2
1021 1007 4 1008 4 1009 4 1010 4 1011 4 42 5 88 2
1021 1007 4 1008 4 1009 4 1010 4 1011 4 98 1 49 2
1021 1007 4 1008 4 1009 4 1010 4 1011 4 57 7 25 4
1021 1007 4 1008 4 1009 4 1010 4 1011 4 84 2 92 6
1021 1007 4 1008 4 1009 4 1010 4 1011 4 26 0 84 2
1021 1007 4 1008 4 1009 4 1010 4 1011 4 11 6 13 0
1021 1007 4 1008 4 1009 4 1010 4 1011 4 84 0 98 7
1021 1007 4 1008 4 1009 4 1010 4 1011 4 25 5 99 7
1021 1007 4 1008 4 1009 4 1010 4 1011 4 92 1 49 2
1021 1007 4 1008 4 1009 4 1010 4 1011 4 32 5 49 6
1021 1007 4 1008 4 1009 4 1010 4 1011 4 32 2 57 5
1021 1007 4 1008 4 1009 4 1010 4 1011 4 49 6 64 5
1021 1007 4 1008 4 1009 4 1010 4 1011 4 32 7 64 5
1021 1007 4 1008 4 1009 4 1010 4 1011 4 13 1 40 7
1021 1007 4 1008 4 1009 4 1010 4 1011 4 11 1 17 1
1021 1007 4 1008 4 1009 4 1010 4 1011 4 98 7 99 2
1021 1007 4 1008 4 1009 4 1010 4 1011 4 64 5 25 4
1021 1007 4 1008 4 1009 4 1010 4 1011 4 11 6 64 5
1021 1007 4 1008 4 1009 4 1010 4 1011 4 41 6 32 2
1021 1007 4 1008 4 1009 4 1010 4 1011 4 25 2 13 0
1021 1007 4 1008 4 1009 4 1010 4 1011 4 68 2 99 3
1021 1007 4 1008 4 1009 4 1010 4 1011 4 99 7 68 7
1021 1007 4 1008 4 1009 4 1010 4 1011 4 92 6 64 7
1021 1007 4 1008 4 1009 4 1010 4 1011 4 26 0 98 3
1021 1007 4 1008 4 1009 4 1010 4 1011 4 49 6 26 6
1021 1007 4 1008 4 1009 4 1010 4 1011 4 88 2 26 6
1021 1007 4 1008 4 1009 4 1010 4 1011 4 41 6 19 5
1021 1007 4 1008 4 1009 4 1010 4 1011 4 42 2 57 5
1021 1007 4 1008 4 1009 4 1010 4 1011 4 19 6 98 7
1021 1007 4 1008 4 1009 4 1010 4 1011 4 19 0 84 0
1021 1007 4 1008 4 1009 4 1010 4 1011 4 64 0 25 4
1021 1007 4 1008 4 1009 4 1010 4 1011 4 11 0 11 1
1021 1007 4 1008 4 1009 4 1010 4 1011 4 19 0 19 5
1021 1007 4 1008 4 1009 4 1010 4 1011 4 25 6 25 0
1021 1007 4 1008 4 1009 4 1010 4 1011 4 32 7 32 2
1021 1007 4 1008 4 1009 4 1010 4 1011 4 41 0 41 2
1021 1007 4 1008 4 1009 4 1010 4 1011 4 42 2 42 5
1021 1007 4 1008 4 1009 4 1010 4 1011 4 44 2 44 5
1021 1007 4 1008 4 1009 4 1010 4 1011 4 49 6 49 7
1021 1007 4 1008 4 1009 4 1010 4 1011 4 58 2 58 6
1021 1007 4 1008 4 1009 4 1010 4 1011 4 64 5 64 0
1021 1007 4 1008 4 1009 4 1010 4 1011 4 68 2 68 7
1021 1007 4 1008 4 1009 4 1010 4 1011 4 84 2 84 7
1021 1007 4 1008 4 1009 4 1010 4 1011 4 88 7 88 2
1021 1007 4 1008 4 1009 4 1010 4 1011 4 92 0 92 1
1021 1007 4 1008 4 1009 4 1010 4 1011 4 98 2 98 4
1021 1007 4 1008 4 1009 4 1010 4 1011 4 99 1 99 3
1021 1007 4 1008 4 1009 4 1010 4 1011 4 11 1 98 1
1021 1007 4 1008 4 1009 4 1010 4 1011 4 42 2 99 2
1021 1007 4 1008 4 1009 4 1010 4 1011 4 44 4 25 4
1021 1007 4 1008 4 1009 4 1010 4 1011 4 32 5 40 5
1021 1007 4 1008 4 1009 4 1010 4 1011 4 40 6 26 6
1021 1007 4 1008 4 1009 4 1010 4 1011 4 98 1 64 5
1021 1007 4 1008 4 1009 4 1010 4 1011 4 13 0 40 5
1021 1007 4 1008 4 1009 4 1010 4 1011 4 26 1 68 7
1021 1007 4 1008 4 1009 4 1010 4 1011 4 84 0 88 2
1021 1007 4 1008 4 1009 4 1010 4 1011 4 68 7 17 1
1021 1007 4 1008 4 1009 4 1010 4 1011 4 26 0 41 2
1021 1007 4 1008 4 1009 4 1010 4 1011 4 98 1 68 2
1021 1007 4 1008 4 1009 4 1010 4 1011 4 41 0 49 5
1021 1007 4 1008 4 1009 4 1010 4 1011 4 32 2 19 0
1021 1007 4 1008 4 1009 4 1010 4 1011 4 57 7 58 7
1021 1007 4 1008 4 1009 4 1010 4 1011 4 58 7 19 2
1021 1007 4 1008 4 1009 4 1010 4 1011 4 11 6 13 1
1021 1007 4 1008 4 1009 4 1010 4 1011 4 68 0 64 2
1021 1007 4 1008 4 1009 4 1010 4 1011 4 57 7 44 5
1021 1007 4 1008 4 1009 4 1010 4 1011 4 42 2 49 6
1021 1007 4 1008 4 1009 4 1010 4 1011 4 57 2 25 6
1021 1007 4 1008 4 1009 4 1010 4 1011 4 92 1 41 6
1021 1007 4 1008 4 1009 4 1010 4 1011 4 25 0 88 7
1021 1007 4 1008 4 1009 4 1010 4 1011 4 40 7 98 3
1021 1007 4 1008 4 1009 4 1010 4 1011 4 98 1 32 5
1021 1007 4 1008 4 1009 4 1010 4 1011 4 41 7 58 2
1021 1007 4 1008 4 1009 4 1010 4 1011 4 88 5 84 0
1021 1007 4 1008 4 1009 4 1010 4 1011 4 57 5 19 2
1021 1007 4 1008 4 1009 4 1010 4 1011 4 92 0 99 1
1021 1007 4 1008 4 1009 4 1010 4 1011 4 98 7 26 1
1021 1007 4 1008 4 1009 4 1010 4 1011 4 44 5 25 5
1021 1007 4 1008 4 1009 4 1010 4 1011 4 49 7 99 4
1021 1007 4 1008 4 1009 4 1010 4 1011 4 41 2 26 6
1021 1007 4 1008 4 1009 4 1010 4 1011 4 11 0 19 2
1021 1007 4 1008 4 1009 4 1010 4 1011 4 44 7 41 7
1021 1007 4 1008 4 1009 4 1010 4 1011 4 42 5 11 1
1021 1007 4 1008 4 1009 4 1010 4 1011 4 19 7 32 2
1021 1007 4 1008 4 1009 4 1010 4 1011 4 26 6 40 2
1021 1007 4 1008 4 1009 4 1010 4 1011 4 26 1 41 0
1021 1007 4 1008 4 1009 4 1010 4 1011 4 40 5 41 2
1021 1007 4 1008 4 1009 4 1010 4 1011 4 88 2 19 0
1021 1007 4 1008 4 1009 4 1010 4 1011 4 84 0 41 7
1021 1007 4 1008 4 1009 4 1010 4 1011 4 44 6 19 7
1021 1007 4 1008 4 1009 4 1010 4 1011 4 19 0 88 5
1021 1007 4 1008 4 1009 4 1010 4 1011 4 64 5 17 0
1021 1007 4 1008 4 1009 4 1010 4 1011 4 84 7 68 0
1021 1007 4 1008 4 1009 4 1010 4 1011 4 84 2 40 7
1021 1007 4 1008 4 1009 4 1010 4 1011 4 26 1 42 5
1021 1007 4 1008 4 1009 4 1010 4 1011 4 98 2 58 5
1021 1007 4 1008 4 1009 4 1010 4 1011 4 26 0 42 2
1021 1007 4 1008 4 1009 4 1010 4 1011 4 68 0 19 5
1021 1007 4 1008 4 1009 4 1010 4 1011 4 11 6 41 6
1021 1007 4 1008 4 1009 4 1010 4 1011 4 13 1 88 5
1021 1007 4 1008 4 1009 4 1010 4 1011 4 13 0 64 0
1021 1007 4 1008 4 1009 4 1010 4 1011 4 40 2 57 2
1021 1007 4 1008 4 1009 4 1010 4 1011 4 58 2 44 4
1021 1007 4 1008 4 1009 4 1010 4 1011 4 57 7 64 0
1021 1007 4 1008 4 1009 4 1010 4 1011 4 42 2 25 0
1021 1007 4 1008 4 1009 4 1010 4 1011 4 98 1 42 2
1021 1007 4 1008 4 1009 4 1010 4 1011 4 98 7 84 2
1021 1007 4 1008 4 1009 4 1010 4 1011 4 44 7 99 4
1021 1007 4 1008 4 1009 4 1010 4 1011 4 41 6 19 0
1021 1007 4 1008 4 1009 4 1010 4 1011 4 99 7 64 2
1021 1007 4 1008 4 1009 4 1010 4 1011 4 44 5 68 2
1021 1007 4 1008 4 1009 4 1010 4 1011 4 26 6 84 2
1021 1007 4 1008 4 1009 4 1010 4 1011 4 64 0 98 7
1021 1007 4 1008 4 1009 4 1010 4 1011 4 99 4 49 6
1021 1007 4 1008 4 1009 4 1010 4 1011 4 58 5 19 2
1021 1007 4 1008 4 1009 4 1010 4 1011 4 88 2 92 6
1021 1007 4 1008 4 1009 4 1010 4 1011 4 68 2 49 5
1021 1007 4 1008 4 1009 4 1010 4 1011 4 64 2 44 0
1021 1007 4 1008 4 1009 4 1010 4 1011 4 25 2 11 0
1021 1007 4 1008 4 1009 4 1010 4 1011 4 25 5 11 0
1021 1007 4 1008 4 1009 4 1010 4 1011 4 57 2 88 7
1021 1007 4 1008 4 1009 4 1010 4 1011 4 40 6 19 2
1021 1007 4 1008 4 1009 4 1010 4 1011 4 13 0 40 7
1021 1007 4 1008 4 1009 4 1010 4 1011 4 64 0 58 5
1021 1007 4 1008 4 1009 4 1010 4 1011 4 26 1 68 0
1021 1007 4 1008 4 1009 4 1010 4 1011 4 98 4 13 0
1021 1007 4 1008 4 1009 4 1010 4 1011 4 41 6 88 5
1021 1007 4 1008 4 1009 4 1010 4 1011 4 26 1 44 5
1021 1007 4 1008 4 1009 4 1010 4 1011 4 88 7 98 4
1021 1007 4 1008 4 1009 4 1010 4 1011 4 44 7 49 6
1021 1007 4 1008 4 1009 4 1010 4 1011 4 40 6 84 7
1021 1007 4 1008 4 1009 4 1010 4 1011 4 25 2 84 7
1021 1007 4 1008 4 1009 4 1010 4 1011 4 44 4 57 7
1021 1007 4 1008 4 1009 4 1010 4 1011 4 17 0 19 5
1021 1007 4 1008 4 1009 4 1010 4 1011 4 88 5 44 0
1021 1007 4 1008 4 1009 4 1010 4 1011 4 58 7 40 7
1021 1007 4 1008 4 1009 4 1010 4 1011 4 17 1 99 4
1021 1007 4 1008 4 1009 4 1010 4 1011 4 26 6 25 4
1021 1007 4 1008 4 1009 4 1010 4 1011 4 58 7 92 6
1021 1007 4 1008 4 1009 4 1010 4 1011 4 99 4 19 6
1021 1007 4 1008 4 1009 4 1010 4 1011 4 64 5 88 2
1021 1007 4 1008 4 1009 4 1010 4 1011 4 40 7 26 6
1021 1007 4 1008 4 1009 4 1010 4 1011 4 17 1 49 5
1021 1007 4 1008 4 1009 4 1010 4 1011 4 19 7 84 2
1021 1007 4 1008 4 1009 4 1010 4 1011 4 99 7 92 6
1021 1007 4 1008 4 1009 4 1010 4 1011 4 88 5 26 6
1021 1007 4 1008 4 1009 4 1010 4 1011 4 49 2 40 7
1021 1007 4 1008 4 1009 4 1010 4 1011 4 44 5 88 2
1021 1007 4 1008 4 1009 4 1010 4 1011 4 44 4 64 0
1021 1007 4 1008 4 1009 4 1010 4 1011 4 84 7 88 7
1021 1007 4 1008 4 1009 4 1010 4 1011 4 40 6 42 5
1021 1007 4 1008 4 1009 4 1010 4 1011 4 19 5 88 7
1021 1007 4 1008 4 1009 4 1010 4 1011 4 41 7 84 0
1021 1007 4 1008 4 1009 4 1010 4 1011 4 13 0 57 2
1021 1007 4 1008 4 1009 4 1010 4 1011 4 84 2 58 2
1021 1007 4 1008 4 1009 4 1010 4 1011 4 99 3 41 7
1021 1007 4 1008 4 1009 4 1010 4 1011 4 11 0 25 0
1021 1007 4 1008 4 1009 4 1010 4 1011 4 99 4 64 5
1021 1007 4 1008 4 1009 4 1010 4 1011 4 92 6 19 5
1021 1007 4 1008 4 1009 4 1010 4 1011 4 99 2 84 7
1021 1007 4 1008 4 1009 4 1010 4 1011 4 84 0 57 7
1021 1007 4 1008 4 1009 4 1010 4 1011 4 88 7 92 1
1021 1007 4 1008 4 1009 4 1010 4 1011 4 99 2 13 0
1021 1007 4 1008 4 1009 4 1010 4 1011 4 32 6 42 5
1021 1007 4 1008 4 1009 4 1010 4 1011 4 58 2 98 7
1021 1007 4 1008 4 1009 4 1010 4 1011 4 11 6 64 0
1021 1007 4 1008 4 1009 4 1010 4 1011 4 84 2 49 6
1021 1007 4 1008 4 1009 4 1010 4 1011 4 57 2 42 5
1021 1007 4 1008 4 1009 4 1010 4 1011 4 84 2 88 2
1021 1007 4 1008 4 1009 4 1010 4 1011 4 32 6 40 5
1021 1007 4 1008 4 1009 4 1010 4 1011 4 99 3 40 2
1021 1007 4 1008 4 1009 4 1010 4 1011 4 25 4 88 2
1021 1007 4 1008 4 1009 4 1010 4 1011 4 57 2 19 6
1021 1007 4 1008 4 1009 4 1010 4 1011 4 49 2 19 7
1021 1007 4 1008 4 1009 4 1010 4 1011 4 42 2 26 0
1021 1007 4 1008 4 1009 4 1010 4 1011 4 32 6 58 6
1021 1007 4 1008 4 1009 4 1010 4 1011 4 57 5 13 0
1021 1007 4 1008 4 1009 4 1010 4 1011 4 26 6 84 0
1021 1007 4 1008 4 1009 4 1010 4 1011 4 44 6 84 2
1021 1007 4 1008 4 1009 4 1010 4 1011 4 32 6 58 2
1021 1007 4 1008 4 1009 4 1010 4 1011 4 92 6 40 6
1021 1007 4 1008 4 1009 4 1010 4 1011 4 19 6 25 5
1021 1007 4 1008 4 1009 4 1010 4 1011 4 57 7 42 2
1021 1007 4 1008 4 1009 4 1010 4 1011 4 98 3 92 1
1021 1007 4 1008 4 1009 4 1010 4 1011 4 41 7 58 7
1021 1007 4 1008 4 1009 4 1010 4 1011 4 88 2 13 1
1021 1007 4 1008 4 1009 4 1010 4 1011 4 13 1 32 6
1021 1007 4 1008 4 1009 4 1010 4 1011 4 44 2 92 0
1021 1007 4 1008 4 1009 4 1010 4 1011 4 32 6 64 0
1021 1007 4 1008 4 1009 4 1010 4 1011 4 32 7 98 1
