1019 101 4 1004 4 42 2 40 2
1019 101 4 1004 4 23 7 1 6
1019 101 4 1004 4 94 4 55 4
1019 101 4 1004 4 44 5 68 2
1019 101 4 1004 4 78 7 95 4
1019 101 4 1004 4 52 3 38 2
1019 101 4 1004 4 42 2 44 5
1019 101 4 1004 4 50 2 23 6
1019 101 4 1004 4 87 0 65 2
1019 101 4 1004 4 99 1 64 5
1019 101 4 1004 4 23 2 78 4
1019 101 4 1004 4 73 3 53 2
1019 101 4 1004 4 57 5 19 2
1019 101 4 1004 4 95 3 23 6
1019 101 4 1004 4 53 2 55 3
1019 101 4 1004 4 57 5 68 2
1019 101 4 1004 4 20 6 23 7
1019 101 4 1004 4 48 4 61 4
1019 101 4 1004 4 26 0 40 5
1019 101 4 1004 4 47 5 20 6
1019 101 4 1004 4 38 3 53 7
1019 101 4 1004 4 13 0 19 0
1019 101 4 1004 4 15 7 46 2
1019 101 4 1004 4 16 5 71 4
1019 101 4 1004 4 84 2 40 2
1019 101 4 1004 4 46 0 60 2
1019 101 4 1004 4 16 4 53 2
1019 101 4 1004 4 49 6 84 2
1019 101 4 1004 4 85 3 60 4
1019 101 4 1004 4 53 7 71 4
1019 101 4 1004 4 42 2 32 2
1019 101 4 1004 4 15 2 10 0
1019 101 4 1004 4 70 4 71 4
1019 101 4 1004 4 64 5 17 1
1019 101 4 1004 4 20 2 15 7
1019 101 4 1004 4 71 4 70 4
1019 101 4 1004 4 41 2 57 5
1019 101 4 1004 4 7 4 10 6
1019 101 4 1004 4 87 5 16 5
1019 101 4 1004 4 98 2 64 7
1019 101 4 1004 4 15 2 7 5
1019 101 4 1004 4 48 2 81 5
1019 101 4 1004 4 64 7 44 0
1019 101 4 1004 4 60 4 23 2
1019 101 4 1004 4 55 7 61 4
1019 101 4 1004 4 32 5 26 0
1019 101 4 1004 4 47 2 95 3
1019 101 4 1004 4 87 5 48 7
1019 101 4 1004 4 68 7 41 6
1019 101 4 1004 4 85 3 10 6
1019 101 4 1004 4 61 3 87 5
1019 101 4 1004 4 41 7 64 0
1019 101 4 1004 4 15 0 7 4
1019 101 4 1004 4 55 4 73 4
1019 101 4 1004 4 64 5 13 0
1019 101 4 1004 4 47 2 95 4
1019 101 4 1004 4 9 4 65 2
1019 101 4 1004 4 32 5 84 7
1019 101 4 1004 4 56 4 60 7
1019 101 4 1004 4 94 4 9 3
1019 101 4 1004 4 19 0 25 0
1019 101 4 1004 4 85 3 60 2
1019 101 4 1004 4 87 2 65 2
1019 101 4 1004 4 41 0 68 7
1019 101 4 1004 4 50 6 95 3
1019 101 4 1004 4 61 2 48 4
1019 101 4 1004 4 57 7 25 5
1019 101 4 1004 4 95 4 20 2
1019 101 4 1004 4 71 4 73 7
1019 101 4 1004 4 17 0 57 5
1019 101 4 1004 4 50 4 78 4
1019 101 4 1004 4 9 7 38 4
1019 101 4 1004 4 64 2 11 6
1019 101 4 1004 4 15 0 78 5
1019 101 4 1004 4 65 4 61 4
1019 101 4 1004 4 58 5 11 6
1019 101 4 1004 4 10 1 85 2
1019 101 4 1004 4 73 7 55 4
1019 101 4 1004 4 32 6 49 2
1019 101 4 1004 4 60 2 1 2
1019 101 4 1004 4 65 4 9 7
1019 101 4 1004 4 17 1 26 0
1019 101 4 1004 4 1 3 95 3
1019 101 4 1004 4 61 2 38 7
1019 101 4 1004 4 42 5 98 2
1019 101 4 1004 4 95 4 47 5
1019 101 4 1004 4 70 4 52 3
1019 101 4 1004 4 64 7 84 7
1019 101 4 1004 4 15 6 45 5
1019 101 4 1004 4 48 4 87 0
1019 101 4 1004 4 17 0 84 2
1019 101 4 1004 4 20 7 7 5
1019 101 4 1004 4 94 4 52 3
1019 101 4 1004 4 13 1 99 2
1019 101 4 1004 4 7 5 10 2
1019 101 4 1004 4 94 4 70 4
1019 101 4 1004 4 98 7 17 0
1019 101 4 1004 4 10 0 78 2
1019 101 4 1004 4 81 7 71 4
1019 101 4 1004 4 99 7 26 6
1019 101 4 1004 4 50 6 95 4
1019 101 4 1004 4 16 4 94 4
1019 101 4 1004 4 98 2 40 2
1019 101 4 1004 4 15 2 95 4
1019 101 4 1004 4 73 3 38 3
1019 101 4 1004 4 58 6 41 7
1019 101 4 1004 4 95 4 20 3
1019 101 4 1004 4 61 4 94 4
1019 101 4 1004 4 92 0 40 5
1019 101 4 1004 4 47 5 78 4
1019 101 4 1004 4 48 4 9 4
1019 101 4 1004 4 99 3 92 0
1019 101 4 1004 4 45 2 10 6
1019 101 4 1004 4 81 2 52 2
1019 101 4 1004 4 49 5 99 3
1019 101 4 1004 4 45 7 47 7
1019 101 4 1004 4 71 4 65 3
1019 101 4 1004 4 40 7 19 5
1019 101 4 1004 4 15 0 10 7
1019 101 4 1004 4 53 2 16 2
1019 101 4 1004 4 25 2 99 2
1019 101 4 1004 4 78 3 10 6
1019 101 4 1004 4 71 4 48 2
1019 101 4 1004 4 99 2 41 2
1019 101 4 1004 4 55 2 52 2
1019 101 4 1004 4 68 2 57 5
1019 101 4 1004 4 46 0 95 4
1019 101 4 1004 4 48 4 16 2
1019 101 4 1004 4 26 0 11 1
1019 101 4 1004 4 46 7 47 5
1019 101 4 1004 4 94 4 53 7
1019 101 4 1004 4 92 6 58 6
1019 101 4 1004 4 1 7 7 3
1019 101 4 1004 4 70 4 38 4
1019 101 4 1004 4 13 1 49 6
1019 101 4 1004 4 78 2 20 6
1019 101 4 1004 4 70 4 73 7
1019 101 4 1004 4 42 5 68 7
1019 101 4 1004 4 23 7 85 4
1019 101 4 1004 4 48 7 53 2
1019 101 4 1004 4 44 4 26 0
1019 101 4 1004 4 45 4 85 5
1019 101 4 1004 4 38 7 94 4
1019 101 4 1004 4 99 1 32 7
1019 101 4 1004 4 60 7 7 5
1019 101 4 1004 4 16 4 48 4
1019 101 4 1004 4 44 6 41 6
1019 101 4 1004 4 23 6 78 2
1019 101 4 1004 4 38 2 65 7
1019 101 4 1004 4 41 0 44 0
1019 101 4 1004 4 23 7 20 3
1019 101 4 1004 4 9 3 55 3
1019 101 4 1004 4 58 5 84 0
1019 101 4 1004 4 10 6 78 3
1019 101 4 1004 4 81 2 65 4
1019 101 4 1004 4 88 7 64 0
1019 101 4 1004 4 95 3 56 3
1019 101 4 1004 4 61 7 53 2
1019 101 4 1004 4 57 2 13 0
1019 101 4 1004 4 7 2 95 3
1019 101 4 1004 4 53 7 55 2
1019 101 4 1004 4 92 6 58 5
1019 101 4 1004 4 20 6 50 4
1019 101 4 1004 4 61 2 94 4
1019 101 4 1004 4 32 2 44 2
1019 101 4 1004 4 60 7 20 3
1019 101 4 1004 4 73 4 48 2
1019 101 4 1004 4 49 5 25 5
1019 101 4 1004 4 78 5 15 7
1019 101 4 1004 4 81 7 70 4
1019 101 4 1004 4 26 6 32 6
1019 101 4 1004 4 47 2 15 6
1019 101 4 1004 4 16 2 52 2
1019 101 4 1004 4 92 1 25 6
1019 101 4 1004 4 78 4 7 5
1019 101 4 1004 4 73 7 65 7
1019 101 4 1004 4 84 0 17 0
1019 101 4 1004 4 23 7 47 2
1019 101 4 1004 4 16 7 9 7
1019 101 4 1004 4 17 1 99 7
1019 101 4 1004 4 15 0 1 3
1019 101 4 1004 4 70 4 55 2
1019 101 4 1004 4 26 0 92 0
1019 101 4 1004 4 20 3 60 2
1019 101 4 1004 4 48 7 38 7
1019 101 4 1004 4 26 0 99 1
1019 101 4 1004 4 78 3 7 5
1019 101 4 1004 4 73 7 48 7
1019 101 4 1004 4 40 2 19 6
1019 101 4 1004 4 95 3 20 6
1019 101 4 1004 4 38 4 9 4
1019 101 4 1004 4 32 6 25 0
1019 101 4 1004 4 56 6 15 7
1019 101 4 1004 4 53 7 81 5
1019 101 4 1004 4 49 7 17 0
1019 101 4 1004 4 1 7 23 6
1019 101 4 1004 4 16 3 71 4
1019 101 4 1004 4 44 5 92 1
1019 101 4 1004 4 1 7 46 7
1019 101 4 1004 4 55 2 52 3
1019 101 4 1004 4 58 2 92 6
1019 101 4 1004 4 10 0 60 7
1019 101 4 1004 4 70 4 94 4
1019 101 4 1004 4 19 2 49 2
1019 101 4 1004 4 1 5 56 7
1019 101 4 1004 4 94 4 38 7
1019 101 4 1004 4 64 7 57 7
1019 101 4 1004 4 47 7 1 2
1019 101 4 1004 4 55 4 9 7
1019 101 4 1004 4 11 1 11 0
1019 101 4 1004 4 13 0 13 1
1019 101 4 1004 4 17 0 17 1
1019 101 4 1004 4 19 6 19 5
1019 101 4 1004 4 25 5 25 6
1019 101 4 1004 4 26 1 26 0
1019 101 4 1004 4 32 7 32 5
1019 101 4 1004 4 40 2 40 5
1019 101 4 1004 4 41 6 41 7
1019 101 4 1004 4 42 2 42 5
1019 101 4 1004 4 44 6 44 5
1019 101 4 1004 4 49 6 49 2
1019 101 4 1004 4 57 5 57 2
1019 101 4 1004 4 58 7 58 5
1019 101 4 1004 4 64 5 64 0
1019 101 4 1004 4 68 7 68 0
1019 101 4 1004 4 84 0 84 7
1019 101 4 1004 4 88 5 88 7
1019 101 4 1004 4 92 0 92 6
1019 101 4 1004 4 98 7 98 3
1019 101 4 1004 4 99 1 99 3
1019 101 4 1004 4 1 2 1 7
1019 101 4 1004 4 7 5 7 3
1019 101 4 1004 4 10 2 10 5
1019 101 4 1004 4 15 6 15 0
1019 101 4 1004 4 20 3 20 2
1019 101 4 1004 4 23 6 23 7
1019 101 4 1004 4 45 6 45 4
1019 101 4 1004 4 46 7 46 0
1019 101 4 1004 4 47 7 47 5
1019 101 4 1004 4 50 4 50 7
1019 101 4 1004 4 56 3 56 7
1019 101 4 1004 4 60 2 60 7
1019 101 4 1004 4 78 4 78 7
1019 101 4 1004 4 85 4 85 3
1019 101 4 1004 4 95 4 95 3
1019 101 4 1004 4 9 2 9 3
1019 101 4 1004 4 16 7 16 5
1019 101 4 1004 4 38 7 38 3
1019 101 4 1004 4 48 2 48 7
1019 101 4 1004 4 52 3 52 7
1019 101 4 1004 4 53 7 53 2
1019 101 4 1004 4 55 4 55 2
1019 101 4 1004 4 61 2 61 3
1019 101 4 1004 4 65 4 65 7
1019 101 4 1004 4 70 4 70 4
1019 101 4 1004 4 71 4 71 4
1019 101 4 1004 4 73 2 73 4
1019 101 4 1004 4 81 7 81 5
1019 101 4 1004 4 87 0 87 2
1019 101 4 1004 4 94 4 94 4
1019 101 4 1004 4 13 0 26 0
1019 101 4 1004 4 17 1 92 1
1019 101 4 1004 4 84 2 41 2
1019 101 4 1004 4 99 3 98 3
1019 101 4 1004 4 99 4 98 4
1019 101 4 1004 4 40 5 32 5
1019 101 4 1004 4 26 6 40 6
1019 101 4 1004 4 84 7 41 7
1019 101 4 1004 4 10 0 15 0
1019 101 4 1004 4 10 1 10 1
1019 101 4 1004 4 20 2 46 2
1019 101 4 1004 4 85 3 7 3
1019 101 4 1004 4 85 4 95 4
1019 101 4 1004 4 7 5 50 5
1019 101 4 1004 4 20 6 23 6
1019 101 4 1004 4 1 7 23 7
1019 101 4 1004 4 87 0 81 0
1019 101 4 1004 4 87 2 53 2
1019 101 4 1004 4 65 3 16 3
1019 101 4 1004 4 16 5 87 5
1019 101 4 1004 4 81 6 81 6
1019 101 4 1004 4 52 7 55 7
1019 101 4 1004 4 99 3 11 6
1019 101 4 1004 4 45 2 56 4
1019 101 4 1004 4 58 7 19 7
1019 101 4 1004 4 71 4 52 7
1019 101 4 1004 4 44 7 26 1
1019 101 4 1004 4 1 3 15 2
1019 101 4 1004 4 94 4 87 2
1019 101 4 1004 4 57 5 88 2
1019 101 4 1004 4 56 2 1 7
1019 101 4 1004 4 53 2 87 2
1019 101 4 1004 4 13 1 44 4
1019 101 4 1004 4 78 5 23 7
1019 101 4 1004 4 55 7 81 7
1019 101 4 1004 4 11 1 26 6
1019 101 4 1004 4 50 4 95 3
1019 101 4 1004 4 9 2 71 4
1019 101 4 1004 4 44 0 32 6
1019 101 4 1004 4 78 4 20 2
1019 101 4 1004 4 94 4 87 5
1019 101 4 1004 4 92 6 84 2
1019 101 4 1004 4 95 3 45 2
1019 101 4 1004 4 52 3 65 2
1019 101 4 1004 4 26 1 42 5
1019 101 4 1004 4 45 7 60 4
1019 101 4 1004 4 38 7 70 4
1019 101 4 1004 4 58 7 68 0
1019 101 4 1004 4 60 2 78 3
1019 101 4 1004 4 16 2 9 4
1019 101 4 1004 4 19 5 44 5
1019 101 4 1004 4 47 2 23 7
1019 101 4 1004 4 81 2 61 2
1019 101 4 1004 4 41 2 49 7
1019 101 4 1004 4 50 5 10 6
1019 101 4 1004 4 70 4 87 5
1019 101 4 1004 4 11 6 26 0
1019 101 4 1004 4 46 7 85 5
1019 101 4 1004 4 52 7 94 4
1019 101 4 1004 4 92 0 64 0
1019 101 4 1004 4 7 3 46 2
1019 101 4 1004 4 55 4 71 4
1019 101 4 1004 4 64 7 88 2
1019 101 4 1004 4 60 7 95 3
1019 101 4 1004 4 87 7 16 4
1019 101 4 1004 4 40 2 99 1
1019 101 4 1004 4 1 4 60 2
1019 101 4 1004 4 52 2 73 3
1019 101 4 1004 4 88 5 19 7
1019 101 4 1004 4 95 4 7 2
1019 101 4 1004 4 73 3 61 4
1019 101 4 1004 4 25 4 19 0
1019 101 4 1004 4 9 2 70 4
1019 101 4 1004 4 17 0 57 7
1019 101 4 1004 4 46 0 7 5
1019 101 4 1004 4 70 4 16 2
1019 101 4 1004 4 57 2 44 4
1019 101 4 1004 4 47 7 20 2
1019 101 4 1004 4 71 4 53 2
1019 101 4 1004 4 32 5 99 7
1019 101 4 1004 4 95 3 56 4
1019 101 4 1004 4 87 0 55 3
1019 101 4 1004 4 40 7 42 2
1019 101 4 1004 4 56 2 78 3
1019 101 4 1004 4 61 2 38 2
1019 101 4 1004 4 99 1 26 0
1019 101 4 1004 4 50 2 56 3
1019 101 4 1004 4 38 2 70 4
1019 101 4 1004 4 25 6 19 6
1019 101 4 1004 4 10 1 78 2
1019 101 4 1004 4 61 3 38 3
1019 101 4 1004 4 44 6 11 1
1019 101 4 1004 4 85 4 46 0
1019 101 4 1004 4 61 4 70 4
1019 101 4 1004 4 25 5 41 0
1019 101 4 1004 4 23 2 47 7
1019 101 4 1004 4 61 2 70 4
1019 101 4 1004 4 25 2 57 5
1019 101 4 1004 4 85 3 95 3
1019 101 4 1004 4 81 7 53 2
1019 101 4 1004 4 26 6 25 5
1019 101 4 1004 4 95 3 85 5
1019 101 4 1004 4 48 7 71 4
1019 101 4 1004 4 92 1 13 0
1019 101 4 1004 4 7 4 20 3
1019 101 4 1004 4 53 7 65 7
1019 101 4 1004 4 64 5 98 2
1019 101 4 1004 4 78 4 20 3
1019 101 4 1004 4 52 2 16 4
1019 101 4 1004 4 41 2 84 2
1019 101 4 1004 4 1 2 56 3
1019 101 4 1004 4 48 2 81 0
1019 101 4 1004 4 13 1 40 2
1019 101 4 1004 4 15 2 78 5
1019 101 4 1004 4 32 6 58 2
1019 101 4 1004 4 95 4 7 4
1019 101 4 1004 4 81 7 65 4
1019 101 4 1004 4 13 1 68 7
1019 101 4 1004 4 45 6 10 2
1019 101 4 1004 4 16 4 55 4
1019 101 4 1004 4 68 7 19 6
1019 101 4 1004 4 10 0 95 3
1019 101 4 1004 4 55 3 53 2
1019 101 4 1004 4 49 6 26 1
1019 101 4 1004 4 15 7 47 7
1019 101 4 1004 4 61 2 81 5
1019 101 4 1004 4 32 7 64 7
1019 101 4 1004 4 15 7 46 0
1019 101 4 1004 4 9 4 38 4
1019 101 4 1004 4 64 5 44 7
1019 101 4 1004 4 85 4 56 3
1019 101 4 1004 4 71 4 55 4
1019 101 4 1004 4 68 7 40 2
1019 101 4 1004 4 50 7 60 2
1019 101 4 1004 4 73 4 87 5
1019 101 4 1004 4 42 5 64 7
1019 101 4 1004 4 7 5 45 4
1019 101 4 1004 4 81 0 70 4
1019 101 4 1004 4 19 7 58 5
1019 101 4 1004 4 15 0 45 7
1019 101 4 1004 4 48 4 73 4
1019 101 4 1004 4 44 7 64 7
1019 101 4 1004 4 15 0 95 4
1019 101 4 1004 4 16 2 61 2
1019 101 4 1004 4 19 2 68 0
1019 101 4 1004 4 7 4 85 5
1019 101 4 1004 4 61 7 48 2
1019 101 4 1004 4 58 2 88 7
1019 101 4 1004 4 45 2 95 3
1019 101 4 1004 4 73 3 87 5
1019 101 4 1004 4 42 5 19 7
1019 101 4 1004 4 50 2 46 0
1019 101 4 1004 4 48 4 87 5
1019 101 4 1004 4 64 5 49 6
1019 101 4 1004 4 23 2 47 5
1019 101 4 1004 4 81 0 38 7
1019 101 4 1004 4 92 0 49 2
1019 101 4 1004 4 10 5 46 2
1019 101 4 1004 4 19 2 13 1
1019 101 4 1004 4 10 7 20 7
1019 101 4 1004 4 70 4 65 2
1019 101 4 1004 4 92 6 88 2
1019 101 4 1004 4 50 4 60 2
1019 101 4 1004 4 9 2 65 2
1019 101 4 1004 4 42 5 44 7
1019 101 4 1004 4 45 3 10 6
1019 101 4 1004 4 81 6 48 7
1019 101 4 1004 4 64 0 92 1
1019 101 4 1004 4 20 3 50 6
1019 101 4 1004 4 55 7 9 7
1019 101 4 1004 4 7 3 23 6
1019 101 4 1004 4 44 5 40 6
1019 101 4 1004 4 23 6 60 4
1019 101 4 1004 4 42 2 25 6
1019 101 4 1004 4 46 2 15 6
1019 101 4 1004 4 38 7 48 4
1019 101 4 1004 4 32 2 98 4
1019 101 4 1004 4 15 2 85 5
1019 101 4 1004 4 87 7 70 4
1019 101 4 1004 4 92 0 26 6
1019 101 4 1004 4 85 4 45 4
1019 101 4 1004 4 65 7 48 2
1019 101 4 1004 4 88 7 25 6
1019 101 4 1004 4 10 6 78 2
1019 101 4 1004 4 87 5 61 3
1019 101 4 1004 4 98 4 11 0
1019 101 4 1004 4 60 4 46 0
1019 101 4 1004 4 38 2 61 3
1019 101 4 1004 4 98 3 42 2
1019 101 4 1004 4 7 5 60 7
1019 101 4 1004 4 40 5 17 1
1019 101 4 1004 4 45 4 78 2
1019 101 4 1004 4 53 2 48 4
1019 101 4 1004 4 58 5 13 1
1019 101 4 1004 4 46 7 45 6
1019 101 4 1004 4 52 2 38 3
1019 101 4 1004 4 84 7 11 6
1019 101 4 1004 4 78 5 7 5
1019 101 4 1004 4 9 2 48 2
1019 101 4 1004 4 57 5 58 7
1019 101 4 1004 4 15 0 78 7
1019 101 4 1004 4 73 2 71 4
1019 101 4 1004 4 68 0 25 6
1019 101 4 1004 4 85 5 60 4
1019 101 4 1004 4 57 7 49 7
1019 101 4 1004 4 45 6 78 7
1019 101 4 1004 4 73 3 16 4
1019 101 4 1004 4 41 7 49 6
1019 101 4 1004 4 46 2 78 5
1019 101 4 1004 4 99 7 41 6
1019 101 4 1004 4 60 4 85 2
1019 101 4 1004 4 48 7 81 7
1019 101 4 1004 4 88 5 68 0
1019 101 4 1004 4 45 7 10 6
1019 101 4 1004 4 55 3 65 2
1019 101 4 1004 4 26 0 92 1
1019 101 4 1004 4 85 5 47 2
1019 101 4 1004 4 73 3 52 3
1019 101 4 1004 4 42 5 17 1
1019 101 4 1004 4 23 6 85 3
1019 101 4 1004 4 48 2 55 2
1019 101 4 1004 4 13 1 13 0
1019 101 4 1004 4 19 7 19 5
1019 101 4 1004 4 25 4 25 2
1019 101 4 1004 4 26 6 26 1
1019 101 4 1004 4 32 5 32 7
1019 101 4 1004 4 40 6 40 2
1019 101 4 1004 4 41 2 41 0
1019 101 4 1004 4 42 5 42 2
1019 101 4 1004 4 44 4 44 6
1019 101 4 1004 4 49 7 49 5
1019 101 4 1004 4 58 7 58 6
1019 101 4 1004 4 64 5 64 2
1019 101 4 1004 4 68 2 68 7
1019 101 4 1004 4 84 2 84 0
1019 101 4 1004 4 88 2 88 7
1019 101 4 1004 4 92 6 92 0
1019 101 4 1004 4 98 3 98 2
1019 101 4 1004 4 99 2 99 4
1019 101 4 1004 4 1 5 1 6
1019 101 4 1004 4 7 2 7 5
1019 101 4 1004 4 10 1 10 0
1019 101 4 1004 4 15 0 15 7
1019 101 4 1004 4 20 3 20 6
1019 101 4 1004 4 45 2 45 5
1019 101 4 1004 4 46 0 46 2
1019 101 4 1004 4 47 5 47 2
1019 101 4 1004 4 50 5 50 2
1019 101 4 1004 4 56 4 56 6
1019 101 4 1004 4 60 7 60 2
1019 101 4 1004 4 78 4 78 5
1019 101 4 1004 4 95 3 95 4
1019 101 4 1004 4 9 4 9 7
1019 101 4 1004 4 16 3 16 2
1019 101 4 1004 4 38 3 38 7
1019 101 4 1004 4 52 4 52 7
1019 101 4 1004 4 55 2 55 4
1019 101 4 1004 4 61 3 61 7
1019 101 4 1004 4 73 4 73 2
1019 101 4 1004 4 81 5 81 6
1019 101 4 1004 4 87 0 87 5
1019 101 4 1004 4 11 0 26 0
1019 101 4 1004 4 13 1 17 1
1019 101 4 1004 4 19 2 64 2
1019 101 4 1004 4 44 5 25 5
1019 101 4 1004 4 19 6 92 6
1019 101 4 1004 4 41 7 40 7
1019 101 4 1004 4 15 0 10 0
1019 101 4 1004 4 78 2 56 2
1019 101 4 1004 4 95 3 20 3
1019 101 4 1004 4 1 4 45 4
1019 101 4 1004 4 1 5 78 5
1019 101 4 1004 4 15 6 56 6
1019 101 4 1004 4 15 7 23 7
1019 101 4 1004 4 81 0 87 0
1019 101 4 1004 4 65 2 38 2
1019 101 4 1004 4 38 3 73 3
1019 101 4 1004 4 9 4 70 4
1019 101 4 1004 4 81 5 16 5
1019 101 4 1004 4 38 7 53 7
1019 101 4 1004 4 13 1 25 2
1019 101 4 1004 4 46 0 1 7
1019 101 4 1004 4 61 4 53 7
1019 101 4 1004 4 19 6 41 7
1019 101 4 1004 4 85 4 23 7
1019 101 4 1004 4 81 5 55 2
1019 101 4 1004 4 64 0 25 2
1019 101 4 1004 4 46 0 56 7
1019 101 4 1004 4 87 7 71 4
1019 101 4 1004 4 44 5 84 0
1019 101 4 1004 4 7 4 95 4
1019 101 4 1004 4 25 2 42 5
1019 101 4 1004 4 78 5 56 7
1019 101 4 1004 4 55 7 73 2
1019 101 4 1004 4 42 2 84 2
1019 101 4 1004 4 15 0 1 6
1019 101 4 1004 4 94 4 38 2
1019 101 4 1004 4 57 7 99 3
1019 101 4 1004 4 7 3 20 3
1019 101 4 1004 4 38 7 53 2
1019 101 4 1004 4 98 3 57 2
1019 101 4 1004 4 1 3 15 0
1019 101 4 1004 4 94 4 65 3
1019 101 4 1004 4 17 0 98 4
1019 101 4 1004 4 7 4 60 2
1019 101 4 1004 4 73 3 55 7
1019 101 4 1004 4 84 2 57 2
1019 101 4 1004 4 78 2 23 6
1019 101 4 1004 4 16 2 9 7
1019 101 4 1004 4 19 7 68 7
1019 101 4 1004 4 50 5 56 7
1019 101 4 1004 4 70 4 73 3
1019 101 4 1004 4 88 7 40 6
1019 101 4 1004 4 60 4 47 5
1019 101 4 1004 4 73 7 53 2
1019 101 4 1004 4 32 7 19 2
1019 101 4 1004 4 73 4 38 2
1019 101 4 1004 4 64 5 57 5
1019 101 4 1004 4 1 4 23 7
1019 101 4 1004 4 52 2 65 3
1019 101 4 1004 4 40 2 58 5
1019 101 4 1004 4 60 2 7 4
1019 101 4 1004 4 73 7 53 7
1019 101 4 1004 4 58 7 17 0
1019 101 4 1004 4 47 5 45 6
1019 101 4 1004 4 53 2 38 3
1019 101 4 1004 4 57 7 64 0
1019 101 4 1004 4 85 2 78 3
1019 101 4 1004 4 81 6 52 3
1019 101 4 1004 4 57 2 98 3
1019 101 4 1004 4 95 3 10 5
1019 101 4 1004 4 81 2 71 4
1019 101 4 1004 4 17 1 68 7
1019 101 4 1004 4 20 2 10 1
1019 101 4 1004 4 16 2 52 4
1019 101 4 1004 4 13 1 84 7
1019 101 4 1004 4 78 3 7 3
1019 101 4 1004 4 38 4 87 2
1019 101 4 1004 4 85 4 47 7
1019 101 4 1004 4 94 4 55 2
1019 101 4 1004 4 92 0 17 0
1019 101 4 1004 4 56 2 15 7
1019 101 4 1004 4 81 5 87 2
1019 101 4 1004 4 32 6 98 4
1019 101 4 1004 4 95 3 10 7
1019 101 4 1004 4 11 0 68 2
1019 101 4 1004 4 78 2 15 2
1019 101 4 1004 4 9 7 73 2
1019 101 4 1004 4 84 7 32 7
1019 101 4 1004 4 78 3 45 2
1019 101 4 1004 4 16 7 70 4
1019 101 4 1004 4 64 2 32 5
1019 101 4 1004 4 23 7 56 4
1019 101 4 1004 4 87 0 52 3
1019 101 4 1004 4 58 5 42 2
1019 101 4 1004 4 23 2 45 5
1019 101 4 1004 4 16 3 81 2
1019 101 4 1004 4 68 2 49 2
1019 101 4 1004 4 78 3 95 3
1019 101 4 1004 4 55 2 81 2
1019 101 4 1004 4 92 1 84 0
1019 101 4 1004 4 10 2 20 2
1019 101 4 1004 4 57 7 13 1
1019 101 4 1004 4 46 2 60 7
1019 101 4 1004 4 9 7 55 3
1019 101 4 1004 4 40 6 42 5
1019 101 4 1004 4 87 7 55 7
1019 101 4 1004 4 57 2 41 6
1019 101 4 1004 4 23 6 1 7
1019 101 4 1004 4 73 2 65 3
1019 101 4 1004 4 41 0 13 0
1019 101 4 1004 4 46 2 15 2
1019 101 4 1004 4 16 7 55 7
1019 101 4 1004 4 64 2 13 0
1019 101 4 1004 4 10 6 7 4
1019 101 4 1004 4 73 4 38 4
1019 101 4 1004 4 58 2 25 4
1019 101 4 1004 4 20 7 95 3
1019 101 4 1004 4 70 4 73 4
1019 101 4 1004 4 19 5 44 4
1019 101 4 1004 4 45 3 46 7
1019 101 4 1004 4 70 4 38 7
1019 101 4 1004 4 19 2 88 2
1019 101 4 1004 4 50 7 56 6
1019 101 4 1004 4 81 7 73 3
1019 101 4 1004 4 40 5 11 6
1019 101 4 1004 4 15 2 47 2
1019 101 4 1004 4 52 7 38 2
1019 101 4 1004 4 84 0 58 6
1019 101 4 1004 4 10 1 95 4
1019 101 4 1004 4 32 6 58 6
1019 101 4 1004 4 23 7 10 0
1019 101 4 1004 4 94 4 48 4
1019 101 4 1004 4 13 1 26 6
1019 101 4 1004 4 1 6 85 3
1019 101 4 1004 4 53 7 87 0
1019 101 4 1004 4 25 2 92 0
1019 101 4 1004 4 7 2 46 2
1019 101 4 1004 4 9 7 87 5
1019 101 4 1004 4 11 0 49 5
1019 101 4 1004 4 78 7 60 7
1019 101 4 1004 4 26 6 13 1
1019 101 4 1004 4 23 2 45 7
1019 101 4 1004 4 61 7 48 4
1019 101 4 1004 4 85 3 1 4
1019 101 4 1004 4 9 4 87 5
1019 101 4 1004 4 19 5 25 4
1019 101 4 1004 4 16 4 73 4
1019 101 4 1004 4 44 2 19 5
1019 101 4 1004 4 7 5 1 2
1019 101 4 1004 4 53 7 61 4
1019 101 4 1004 4 88 7 17 0
1019 101 4 1004 4 1 6 45 2
1019 101 4 1004 4 16 7 81 2
1019 101 4 1004 4 98 1 44 7
1019 101 4 1004 4 78 7 45 6
1019 101 4 1004 4 9 4 73 4
1019 101 4 1004 4 99 3 25 5
1019 101 4 1004 4 45 4 23 2
1019 101 4 1004 4 81 7 16 5
1019 101 4 1004 4 41 6 17 1
1019 101 4 1004 4 87 0 9 2
1019 101 4 1004 4 41 0 57 2
1019 101 4 1004 4 45 4 46 2
1019 101 4 1004 4 94 4 38 4
1019 101 4 1004 4 32 5 13 0
1019 101 4 1004 4 95 4 85 5
1019 101 4 1004 4 81 6 38 7
1019 101 4 1004 4 19 6 44 0
1019 101 4 1004 4 56 7 78 4
1019 101 4 1004 4 81 0 9 3
1019 101 4 1004 4 99 7 58 5
1019 101 4 1004 4 1 3 56 3
1019 101 4 1004 4 48 2 61 2
1019 101 4 1004 4 56 6 10 7
1019 101 4 1004 4 92 6 44 4
1019 101 4 1004 4 60 4 56 7
1019 101 4 1004 4 98 7 92 6
1019 101 4 1004 4 60 2 78 5
1019 101 4 1004 4 71 4 16 2
1019 101 4 1004 4 88 5 64 2
1019 101 4 1004 4 56 7 60 2
1019 101 4 1004 4 53 7 38 7
1019 101 4 1004 4 57 5 26 0
1019 101 4 1004 4 15 0 50 5
1019 101 4 1004 4 81 7 65 3
1019 101 4 1004 4 25 2 17 0
1019 101 4 1004 4 50 6 47 7
1019 101 4 1004 4 73 3 9 3
1019 101 4 1004 4 32 7 41 0
1019 101 4 1004 4 46 0 1 3
1019 101 4 1004 4 73 4 16 7
1019 101 4 1004 4 42 2 99 7
1019 101 4 1004 4 85 4 60 7
1019 101 4 1004 4 42 5 99 2
1019 101 4 1004 4 23 7 56 2
1019 101 4 1004 4 55 3 70 4
1019 101 4 1004 4 92 1 88 5
1019 101 4 1004 4 60 4 46 7
1019 101 4 1004 4 94 4 87 7
1019 101 4 1004 4 92 1 58 6
1019 101 4 1004 4 7 4 15 6
1019 101 4 1004 4 38 3 73 7
1019 101 4 1004 4 26 0 99 7
1019 101 4 1004 4 1 6 60 2
1019 101 4 1004 4 26 1 57 2
1019 101 4 1004 4 85 3 7 5
1019 101 4 1004 4 38 2 52 4
1019 101 4 1004 4 25 6 41 2
1019 101 4 1004 4 56 2 46 2
1019 101 4 1004 4 94 4 52 7
1019 101 4 1004 4 17 1 84 7
1019 101 4 1004 4 1 7 20 6
1019 101 4 1004 4 94 4 71 4
1019 101 4 1004 4 11 0 11 1
1019 101 4 1004 4 19 5 19 7
1019 101 4 1004 4 26 0 26 1
1019 101 4 1004 4 32 2 32 6
1019 101 4 1004 4 40 5 40 6
1019 101 4 1004 4 44 5 44 4
1019 101 4 1004 4 49 2 49 7
1019 101 4 1004 4 58 2 58 7
1019 101 4 1004 4 68 0 68 7
1019 101 4 1004 4 84 0 84 2
1019 101 4 1004 4 88 2 88 5
1019 101 4 1004 4 92 1 92 6
1019 101 4 1004 4 98 4 98 1
1019 101 4 1004 4 99 3 99 1
1019 101 4 1004 4 1 4 1 7
1019 101 4 1004 4 7 2 7 3
1019 101 4 1004 4 10 0 10 7
1019 101 4 1004 4 15 0 15 6
1019 101 4 1004 4 23 6 23 2
1019 101 4 1004 4 45 3 45 4
1019 101 4 1004 4 46 2 46 0
1019 101 4 1004 4 50 5 50 4
1019 101 4 1004 4 56 2 56 4
1019 101 4 1004 4 60 7 60 4
1019 101 4 1004 4 85 4 85 2
1019 101 4 1004 4 9 4 9 2
1019 101 4 1004 4 16 2 16 4
1019 101 4 1004 4 38 2 38 4
1019 101 4 1004 4 48 4 48 2
1019 101 4 1004 4 52 2 52 3
1019 101 4 1004 4 55 4 55 7
1019 101 4 1004 4 65 7 65 2
1019 101 4 1004 4 73 2 73 3
1019 101 4 1004 4 81 2 81 0
1019 101 4 1004 4 87 5 87 7
1019 101 4 1004 4 26 0 11 0
1019 101 4 1004 4 11 1 13 1
1019 101 4 1004 4 84 2 98 2
1019 101 4 1004 4 98 3 99 3
1019 101 4 1004 4 25 4 98 4
1019 101 4 1004 4 19 5 25 5
1019 101 4 1004 4 25 6 11 6
1019 101 4 1004 4 49 7 88 7
1019 101 4 1004 4 46 0 10 0
1019 101 4 1004 4 7 2 85 2
1019 101 4 1004 4 50 4 7 4
1019 101 4 1004 4 45 5 1 5
1019 101 4 1004 4 45 6 23 6
1019 101 4 1004 4 46 7 47 7
1019 101 4 1004 4 38 2 65 2
1019 101 4 1004 4 16 3 73 3
1019 101 4 1004 4 52 4 55 4
1019 101 4 1004 4 81 5 87 5
1019 101 4 1004 4 52 7 81 7
1019 101 4 1004 4 40 2 13 1
1019 101 4 1004 4 46 2 1 5
1019 101 4 1004 4 38 4 53 7
1019 101 4 1004 4 19 6 84 0
1019 101 4 1004 4 60 4 95 4
1019 101 4 1004 4 52 4 65 2
1019 101 4 1004 4 25 0 57 7
1019 101 4 1004 4 56 7 50 5
1019 101 4 1004 4 87 0 61 7
1019 101 4 1004 4 25 5 17 0
1019 101 4 1004 4 78 5 56 3
1019 101 4 1004 4 81 6 61 3
1019 101 4 1004 4 26 0 98 7
1019 101 4 1004 4 50 4 15 7
1019 101 4 1004 4 16 3 81 7
1019 101 4 1004 4 84 2 58 6
1019 101 4 1004 4 50 7 85 3
1019 101 4 1004 4 65 2 53 2
1019 101 4 1004 4 57 7 19 0
1019 101 4 1004 4 23 6 85 2
1019 101 4 1004 4 71 4 81 6
1019 101 4 1004 4 41 6 57 2
1019 101 4 1004 4 46 2 23 6
1019 101 4 1004 4 48 2 52 4
1019 101 4 1004 4 44 5 26 0
1019 101 4 1004 4 23 7 78 4
1019 101 4 1004 4 61 3 81 0
1019 101 4 1004 4 99 2 92 0
1019 101 4 1004 4 95 3 78 5
1019 101 4 1004 4 73 4 55 2
1019 101 4 1004 4 84 2 98 1
1019 101 4 1004 4 46 0 20 3
1019 101 4 1004 4 16 5 87 2
1019 101 4 1004 4 41 7 84 0
1019 101 4 1004 4 7 2 47 5
1019 101 4 1004 4 52 2 94 4
1019 101 4 1004 4 49 7 99 4
1019 101 4 1004 4 50 5 1 5
1019 101 4 1004 4 52 4 70 4
1019 101 4 1004 4 84 0 42 2
1019 101 4 1004 4 20 2 1 4
1019 101 4 1004 4 94 4 16 5
1019 101 4 1004 4 42 5 64 2
1019 101 4 1004 4 78 5 15 6
1019 101 4 1004 4 61 7 94 4
1019 101 4 1004 4 98 4 58 6
1019 101 4 1004 4 95 3 7 5
1019 101 4 1004 4 48 7 16 7
1019 101 4 1004 4 44 6 99 3
1019 101 4 1004 4 15 6 50 7
1019 101 4 1004 4 65 3 61 7
1019 101 4 1004 4 32 6 57 2
1019 101 4 1004 4 85 4 23 6
1019 101 4 1004 4 65 3 94 4
1019 101 4 1004 4 25 7 92 6
1019 101 4 1004 4 45 4 50 4
1019 101 4 1004 4 53 7 70 4
1019 101 4 1004 4 99 7 57 7
1019 101 4 1004 4 47 5 10 0
1019 101 4 1004 4 53 2 16 5
1019 101 4 1004 4 49 6 92 6
1019 101 4 1004 4 46 0 23 6
1019 101 4 1004 4 65 7 70 4
1019 101 4 1004 4 17 0 99 3
1019 101 4 1004 4 95 4 45 4
1019 101 4 1004 4 48 4 94 4
1019 101 4 1004 4 32 2 84 2
1019 101 4 1004 4 60 2 50 4
1019 101 4 1004 4 38 7 16 4
1019 101 4 1004 4 84 2 58 2
1019 101 4 1004 4 56 7 46 7
1019 101 4 1004 4 55 3 52 7
1019 101 4 1004 4 40 2 25 2
1019 101 4 1004 4 10 6 23 6
1019 101 4 1004 4 81 6 73 4
1019 101 4 1004 4 92 6 44 6
1019 101 4 1004 4 56 7 45 4
1019 101 4 1004 4 48 2 71 4
1019 101 4 1004 4 57 2 49 2
1019 101 4 1004 4 47 7 45 3
1019 101 4 1004 4 9 3 73 7
1019 101 4 1004 4 92 6 17 0
1019 101 4 1004 4 60 2 95 4
1019 101 4 1004 4 48 7 70 4
1019 101 4 1004 4 26 6 58 7
1019 101 4 1004 4 81 6 87 0
1019 101 4 1004 4 92 1 98 3
1019 101 4 1004 4 15 7 56 2
1019 101 4 1004 4 55 2 9 3
1019 101 4 1004 4 42 2 58 5
1019 101 4 1004 4 46 7 7 4
1019 101 4 1004 4 17 0 92 6
1019 101 4 1004 4 60 7 56 2
1019 101 4 1004 4 87 7 73 2
1019 101 4 1004 4 68 7 17 0
1019 101 4 1004 4 47 5 20 2
1019 101 4 1004 4 9 7 87 0
1019 101 4 1004 4 26 6 68 2
1019 101 4 1004 4 85 2 7 5
1019 101 4 1004 4 87 0 16 7
1019 101 4 1004 4 49 6 44 4
1019 101 4 1004 4 95 4 10 2
1019 101 4 1004 4 52 2 53 2
1019 101 4 1004 4 98 7 57 7
1019 101 4 1004 4 65 3 73 4
1019 101 4 1004 4 92 1 11 6
1019 101 4 1004 4 95 3 47 7
1019 101 4 1004 4 48 2 65 4
1019 101 4 1004 4 41 7 58 2
1019 101 4 1004 4 81 2 70 4
1019 101 4 1004 4 7 3 15 0
1019 101 4 1004 4 70 4 55 3
1019 101 4 1004 4 40 6 58 5
1019 101 4 1004 4 7 4 15 0
1019 101 4 1004 4 52 3 65 7
1019 101 4 1004 4 49 7 84 2
1019 101 4 1004 4 10 7 1 2
1019 101 4 1004 4 16 2 73 3
1019 101 4 1004 4 19 2 57 2
1019 101 4 1004 4 23 6 15 7
1019 101 4 1004 4 48 7 55 7
1019 101 4 1004 4 49 2 25 4
1019 101 4 1004 4 85 2 23 2
1019 101 4 1004 4 81 0 87 2
1019 101 4 1004 4 49 6 41 7
1019 101 4 1004 4 50 2 15 6
1019 101 4 1004 4 19 6 99 4
1019 101 4 1004 4 56 4 15 2
1019 101 4 1004 4 65 3 38 3
1019 101 4 1004 4 53 2 94 4
1019 101 4 1004 4 32 6 57 7
1019 101 4 1004 4 7 4 95 3
1019 101 4 1004 4 94 4 87 0
1019 101 4 1004 4 42 5 84 2
1019 101 4 1004 4 78 7 95 3
1019 101 4 1004 4 87 5 38 2
1019 101 4 1004 4 17 1 11 1
1019 101 4 1004 4 23 6 20 2
1019 101 4 1004 4 65 7 52 2
1019 101 4 1004 4 98 4 41 2
1019 101 4 1004 4 85 5 50 5
1019 101 4 1004 4 32 6 26 0
1019 101 4 1004 4 56 6 7 2
1019 101 4 1004 4 65 2 81 0
1019 101 4 1004 4 26 1 49 2
1019 101 4 1004 4 10 2 85 5
1019 101 4 1004 4 52 4 65 3
1019 101 4 1004 4 88 2 57 5
1019 101 4 1004 4 7 3 78 7
1019 101 4 1004 4 19 0 26 6
1019 101 4 1004 4 50 5 46 7
1019 101 4 1004 4 9 3 38 7
1019 101 4 1004 4 92 6 99 2
1019 101 4 1004 4 1 4 56 4
1019 101 4 1004 4 48 2 81 2
1019 101 4 1004 4 42 2 40 7
1019 101 4 1004 4 50 5 15 7
1019 101 4 1004 4 55 7 61 3
1019 101 4 1004 4 84 7 17 0
1019 101 4 1004 4 45 7 78 5
1019 101 4 1004 4 58 5 99 2
1019 101 4 1004 4 50 5 60 7
1019 101 4 1004 4 70 4 81 5
1019 101 4 1004 4 98 3 41 0
1019 101 4 1004 4 1 3 47 5
1019 101 4 1004 4 11 0 42 5
1019 101 4 1004 4 60 7 10 1
1019 101 4 1004 4 48 7 16 3
1019 101 4 1004 4 19 7 32 5
1019 101 4 1004 4 52 4 71 4
1019 101 4 1004 4 57 7 40 2
1019 101 4 1004 4 20 7 7 3
1019 101 4 1004 4 9 4 38 2
1019 101 4 1004 4 40 6 49 6
1019 101 4 1004 4 17 1 98 1
1019 101 4 1004 4 45 7 50 7
1019 101 4 1004 4 55 4 53 2
1019 101 4 1004 4 11 1 92 6
1019 101 4 1004 4 7 5 1 7
1019 101 4 1004 4 65 4 61 2
1019 101 4 1004 4 17 0 64 2
1019 101 4 1004 4 23 6 95 4
1019 101 4 1004 4 52 2 53 7
1019 101 4 1004 4 58 7 99 1
1019 101 4 1004 4 1 5 78 7
1019 101 4 1004 4 53 7 16 2
1019 101 4 1004 4 84 2 19 0
1019 101 4 1004 4 1 7 78 3
1019 101 4 1004 4 45 3 50 6
1019 101 4 1004 4 38 2 94 4
1019 101 4 1004 4 64 0 11 6
1019 101 4 1004 4 78 7 56 4
1019 101 4 1004 4 38 4 71 4
1019 101 4 1004 4 25 7 25 0
1019 101 4 1004 4 32 7 32 2
1019 101 4 1004 4 41 6 41 2
1019 101 4 1004 4 44 0 44 2
1019 101 4 1004 4 49 5 49 6
1019 101 4 1004 4 57 5 57 7
1019 101 4 1004 4 64 7 64 2
1019 101 4 1004 4 84 7 84 0
1019 101 4 1004 4 88 7 88 2
1019 101 4 1004 4 92 6 92 1
1019 101 4 1004 4 99 1 99 4
1019 101 4 1004 4 1 3 1 2
1019 101 4 1004 4 7 3 7 2
1019 101 4 1004 4 20 2 20 6
1019 101 4 1004 4 45 6 45 2
1019 101 4 1004 4 47 2 47 7
1019 101 4 1004 4 50 6 50 5
1019 101 4 1004 4 56 6 56 4
1019 101 4 1004 4 78 7 78 2
