1020 1012 4 1015 4 1014 4 44 0 64 2
1020 1012 4 1015 4 1014 4 42 2 44 0
1020 1012 4 1015 4 1014 4 58 7 26 0
1020 1012 4 1015 4 1014 4 49 6 32 2
1020 1012 4 1015 4 1014 4 17 0 64 2
1020 1012 4 1015 4 1014 4 58 6 26 1
1020 1012 4 1015 4 1014 4 40 2 32 7
1020 1012 4 1015 4 1014 4 17 0 11 6
1020 1012 4 1015 4 1014 4 99 7 49 7
1020 1012 4 1015 4 1014 4 26 1 32 7
1020 1012 4 1015 4 1014 4 68 7 49 2
1020 1012 4 1015 4 1014 4 19 6 17 0
1020 1012 4 1015 4 1014 4 84 0 42 2
1020 1012 4 1015 4 1014 4 58 7 11 6
1020 1012 4 1015 4 1014 4 49 6 40 2
1020 1012 4 1015 4 1014 4 49 2 58 6
1020 1012 4 1015 4 1014 4 40 6 99 2
1020 1012 4 1015 4 1014 4 19 7 26 1
1020 1012 4 1015 4 1014 4 44 0 13 1
1020 1012 4 1015 4 1014 4 32 7 17 0
1020 1012 4 1015 4 1014 4 42 2 40 2
1020 1012 4 1015 4 1014 4 44 0 99 1
1020 1012 4 1015 4 1014 4 99 7 32 2
1020 1012 4 1015 4 1014 4 44 0 49 2
1020 1012 4 1015 4 1014 4 42 2 26 6
1020 1012 4 1015 4 1014 4 44 0 32 2
1020 1012 4 1015 4 1014 4 99 1 92 1
1020 1012 4 1015 4 1014 4 11 6 19 0
1020 1012 4 1015 4 1014 4 44 0 11 1
1020 1012 4 1015 4 1014 4 17 0 84 7
1020 1012 4 1015 4 1014 4 92 6 40 6
1020 1012 4 1015 4 1014 4 42 2 11 0
1020 1012 4 1015 4 1014 4 13 1 92 1
1020 1012 4 1015 4 1014 4 26 0 17 0
1020 1012 4 1015 4 1014 4 84 7 92 1
1020 1012 4 1015 4 1014 4 26 1 92 1
1020 1012 4 1015 4 1014 4 64 2 68 7
1020 1012 4 1015 4 1014 4 40 2 13 0
1020 1012 4 1015 4 1014 4 32 7 84 7
1020 1012 4 1015 4 1014 4 17 0 99 3
1020 1012 4 1015 4 1014 4 32 2 44 0
1020 1012 4 1015 4 1014 4 92 6 49 2
1020 1012 4 1015 4 1014 4 64 0 11 6
1020 1012 4 1015 4 1014 4 26 6 11 0
1020 1012 4 1015 4 1014 4 44 0 92 6
1020 1012 4 1015 4 1014 4 58 7 44 0
1020 1012 4 1015 4 1014 4 13 1 92 6
1020 1012 4 1015 4 1014 4 40 2 92 0
1020 1012 4 1015 4 1014 4 64 0 13 1
1020 1012 4 1015 4 1014 4 40 2 68 7
1020 1012 4 1015 4 1014 4 49 6 17 0
1020 1012 4 1015 4 1014 4 13 1 26 1
1020 1012 4 1015 4 1014 4 68 7 26 0
1020 1012 4 1015 4 1014 4 40 6 58 6
1020 1012 4 1015 4 1014 4 40 2 17 0
1020 1012 4 1015 4 1014 4 32 2 99 3
1020 1012 4 1015 4 1014 4 84 2 99 7
1020 1012 4 1015 4 1014 4 68 7 42 2
1020 1012 4 1015 4 1014 4 84 7 99 2
1020 1012 4 1015 4 1014 4 68 7 49 7
1020 1012 4 1015 4 1014 4 58 2 26 1
1020 1012 4 1015 4 1014 4 11 0 42 2
1020 1012 4 1015 4 1014 4 58 2 13 0
1020 1012 4 1015 4 1014 4 92 1 49 7
1020 1012 4 1015 4 1014 4 68 7 44 0
1020 1012 4 1015 4 1014 4 64 2 32 7
1020 1012 4 1015 4 1014 4 92 1 58 2
1020 1012 4 1015 4 1014 4 92 6 13 1
1020 1012 4 1015 4 1014 4 32 7 49 2
1020 1012 4 1015 4 1014 4 49 2 58 2
1020 1012 4 1015 4 1014 4 13 1 19 7
1020 1012 4 1015 4 1014 4 68 7 19 6
1020 1012 4 1015 4 1014 4 42 2 58 7
1020 1012 4 1015 4 1014 4 17 0 19 6
1020 1012 4 1015 4 1014 4 68 7 40 6
1020 1012 4 1015 4 1014 4 42 2 11 1
1020 1012 4 1015 4 1014 4 32 7 64 2
1020 1012 4 1015 4 1014 4 26 1 40 2
1020 1012 4 1015 4 1014 4 44 0 84 0
1020 1012 4 1015 4 1014 4 11 0 44 0
1020 1012 4 1015 4 1014 4 17 0 13 1
1020 1012 4 1015 4 1014 4 49 2 64 2
1020 1012 4 1015 4 1014 4 64 2 44 0
1020 1012 4 1015 4 1014 4 64 7 99 1
1020 1012 4 1015 4 1014 4 19 0 17 0
1020 1012 4 1015 4 1014 4 17 0 42 2
1020 1012 4 1015 4 1014 4 44 0 42 2
1020 1012 4 1015 4 1014 4 84 2 42 2
1020 1012 4 1015 4 1014 4 64 0 19 6
1020 1012 4 1015 4 1014 4 19 0 40 6
1020 1012 4 1015 4 1014 4 58 7 99 2
1020 1012 4 1015 4 1014 4 44 0 32 7
1020 1012 4 1015 4 1014 4 40 6 99 7
1020 1012 4 1015 4 1014 4 40 2 32 2
1020 1012 4 1015 4 1014 4 64 0 49 6
1020 1012 4 1015 4 1014 4 68 7 26 1
1020 1012 4 1015 4 1014 4 84 7 11 6
1020 1012 4 1015 4 1014 4 11 6 49 7
1020 1012 4 1015 4 1014 4 99 3 84 7
1020 1012 4 1015 4 1014 4 92 6 84 7
1020 1012 4 1015 4 1014 4 42 2 92 1
1020 1012 4 1015 4 1014 4 32 2 42 2
1020 1012 4 1015 4 1014 4 92 1 26 6
1020 1012 4 1015 4 1014 4 84 7 58 6
1020 1012 4 1015 4 1014 4 44 0 13 0
1020 1012 4 1015 4 1014 4 64 2 84 7
1020 1012 4 1015 4 1014 4 32 7 58 2
1020 1012 4 1015 4 1014 4 26 0 32 2
1020 1012 4 1015 4 1014 4 19 7 68 7
1020 1012 4 1015 4 1014 4 32 2 64 2
1020 1012 4 1015 4 1014 4 17 0 49 2
1020 1012 4 1015 4 1014 4 13 0 32 2
1020 1012 4 1015 4 1014 4 49 2 42 2
1020 1012 4 1015 4 1014 4 64 2 99 1
1020 1012 4 1015 4 1014 4 49 6 99 4
1020 1012 4 1015 4 1014 4 92 0 13 0
1020 1012 4 1015 4 1014 4 13 1 32 2
1020 1012 4 1015 4 1014 4 92 1 99 7
1020 1012 4 1015 4 1014 4 13 0 99 4
1020 1012 4 1015 4 1014 4 68 7 13 1
1020 1012 4 1015 4 1014 4 17 0 44 0
1020 1012 4 1015 4 1014 4 92 6 42 2
1020 1012 4 1015 4 1014 4 11 1 19 0
1020 1012 4 1015 4 1014 4 19 6 40 2
1020 1012 4 1015 4 1014 4 13 0 40 6
1020 1012 4 1015 4 1014 4 17 0 13 0
1020 1012 4 1015 4 1014 4 42 2 32 2
1020 1012 4 1015 4 1014 4 17 0 49 6
1020 1012 4 1015 4 1014 4 40 2 64 0
1020 1012 4 1015 4 1014 4 58 6 99 4
1020 1012 4 1015 4 1014 4 99 1 19 6
1020 1012 4 1015 4 1014 4 11 6 64 0
1020 1012 4 1015 4 1014 4 64 2 11 0
1020 1012 4 1015 4 1014 4 11 1 49 6
1020 1012 4 1015 4 1014 4 11 1 84 0
1020 1012 4 1015 4 1014 4 44 0 99 4
1020 1012 4 1015 4 1014 4 49 6 99 7
1020 1012 4 1015 4 1014 4 42 2 26 0
1020 1012 4 1015 4 1014 4 26 6 32 7
1020 1012 4 1015 4 1014 4 26 0 84 2
1020 1012 4 1015 4 1014 4 19 7 13 1
1020 1012 4 1015 4 1014 4 64 7 92 6
1020 1012 4 1015 4 1014 4 26 6 68 7
1020 1012 4 1015 4 1014 4 92 6 44 0
1020 1012 4 1015 4 1014 4 49 6 92 0
1020 1012 4 1015 4 1014 4 26 6 13 0
1020 1012 4 1015 4 1014 4 64 0 17 0
1020 1012 4 1015 4 1014 4 99 2 13 1
1020 1012 4 1015 4 1014 4 99 2 17 0
1020 1012 4 1015 4 1014 4 84 0 26 6
1020 1012 4 1015 4 1014 4 17 0 17 0
1020 1012 4 1015 4 1014 4 19 6 19 7
1020 1012 4 1015 4 1014 4 32 2 32 7
1020 1012 4 1015 4 1014 4 42 2 42 2
1020 1012 4 1015 4 1014 4 44 0 44 0
1020 1012 4 1015 4 1014 4 58 2 58 6
1020 1012 4 1015 4 1014 4 64 0 64 2
1020 1012 4 1015 4 1014 4 68 7 68 7
1020 1012 4 1015 4 1014 4 99 4 99 3
1020 1012 4 1015 4 1014 4 17 0 92 0
1020 1012 4 1015 4 1014 4 99 3 99 3
1020 1012 4 1015 4 1014 4 99 4 99 4
1020 1012 4 1015 4 1014 4 99 7 32 7
1020 1012 4 1015 4 1014 4 92 6 32 2
1020 1012 4 1015 4 1014 4 32 7 49 7
1020 1012 4 1015 4 1014 4 84 2 64 7
1020 1012 4 1015 4 1014 4 68 7 58 7
1020 1012 4 1015 4 1014 4 26 1 13 1
1020 1012 4 1015 4 1014 4 99 1 32 7
1020 1012 4 1015 4 1014 4 44 0 84 7
1020 1012 4 1015 4 1014 4 32 7 42 2
1020 1012 4 1015 4 1014 4 26 6 49 7
1020 1012 4 1015 4 1014 4 19 0 58 7
1020 1012 4 1015 4 1014 4 68 7 19 7
1020 1012 4 1015 4 1014 4 99 7 42 2
1020 1012 4 1015 4 1014 4 19 0 32 2
1020 1012 4 1015 4 1014 4 26 1 92 0
1020 1012 4 1015 4 1014 4 92 0 58 6
1020 1012 4 1015 4 1014 4 92 6 11 1
1020 1012 4 1015 4 1014 4 17 0 64 7
1020 1012 4 1015 4 1014 4 58 2 44 0
1020 1012 4 1015 4 1014 4 49 7 17 0
1020 1012 4 1015 4 1014 4 17 0 58 6
1020 1012 4 1015 4 1014 4 58 7 42 2
1020 1012 4 1015 4 1014 4 64 2 19 7
1020 1012 4 1015 4 1014 4 19 0 44 0
1020 1012 4 1015 4 1014 4 26 6 44 0
1020 1012 4 1015 4 1014 4 99 3 84 0
1020 1012 4 1015 4 1014 4 44 0 17 0
1020 1012 4 1015 4 1014 4 44 0 26 0
1020 1012 4 1015 4 1014 4 26 0 19 0
1020 1012 4 1015 4 1014 4 17 0 40 2
1020 1012 4 1015 4 1014 4 99 3 26 1
1020 1012 4 1015 4 1014 4 11 0 92 6
1020 1012 4 1015 4 1014 4 49 2 92 0
1020 1012 4 1015 4 1014 4 58 2 64 2
1020 1012 4 1015 4 1014 4 58 6 49 7
1020 1012 4 1015 4 1014 4 11 0 13 1
1020 1012 4 1015 4 1014 4 49 6 13 1
1020 1012 4 1015 4 1014 4 17 0 49 7
1020 1012 4 1015 4 1014 4 40 6 11 6
1020 1012 4 1015 4 1014 4 26 1 99 3
1020 1012 4 1015 4 1014 4 49 2 68 7
1020 1012 4 1015 4 1014 4 92 6 19 0
1020 1012 4 1015 4 1014 4 17 0 32 2
1020 1012 4 1015 4 1014 4 19 6 26 1
1020 1012 4 1015 4 1014 4 58 6 11 1
1020 1012 4 1015 4 1014 4 32 2 92 6
1020 1012 4 1015 4 1014 4 64 7 40 2
1020 1012 4 1015 4 1014 4 32 2 19 0
1020 1012 4 1015 4 1014 4 11 1 17 0
1020 1012 4 1015 4 1014 4 13 1 99 7
1020 1012 4 1015 4 1014 4 58 2 19 6
1020 1012 4 1015 4 1014 4 99 3 40 6
1020 1012 4 1015 4 1014 4 99 1 40 6
1020 1012 4 1015 4 1014 4 68 7 11 1
1020 1012 4 1015 4 1014 4 19 7 11 1
1020 1012 4 1015 4 1014 4 84 2 26 1
1020 1012 4 1015 4 1014 4 64 7 44 0
1020 1012 4 1015 4 1014 4 99 3 13 1
1020 1012 4 1015 4 1014 4 68 7 84 0
1020 1012 4 1015 4 1014 4 11 0 40 2
1020 1012 4 1015 4 1014 4 99 3 42 2
1020 1012 4 1015 4 1014 4 17 0 68 7
1020 1012 4 1015 4 1014 4 26 1 68 7
1020 1012 4 1015 4 1014 4 40 2 58 6
1020 1012 4 1015 4 1014 4 49 6 13 0
1020 1012 4 1015 4 1014 4 13 1 64 0
1020 1012 4 1015 4 1014 4 11 0 99 7
1020 1012 4 1015 4 1014 4 42 2 26 1
1020 1012 4 1015 4 1014 4 32 7 19 7
1020 1012 4 1015 4 1014 4 64 0 19 0
1020 1012 4 1015 4 1014 4 42 2 84 7
1020 1012 4 1015 4 1014 4 11 0 58 7
1020 1012 4 1015 4 1014 4 44 0 11 0
1020 1012 4 1015 4 1014 4 68 7 11 6
1020 1012 4 1015 4 1014 4 92 0 11 1
1020 1012 4 1015 4 1014 4 19 6 68 7
1020 1012 4 1015 4 1014 4 11 0 92 0
1020 1012 4 1015 4 1014 4 44 0 11 6
1020 1012 4 1015 4 1014 4 44 0 19 7
1020 1012 4 1015 4 1014 4 49 2 40 6
1020 1012 4 1015 4 1014 4 19 6 13 1
1020 1012 4 1015 4 1014 4 92 0 49 6
1020 1012 4 1015 4 1014 4 92 6 64 2
1020 1012 4 1015 4 1014 4 64 0 99 1
1020 1012 4 1015 4 1014 4 99 4 44 0
1020 1012 4 1015 4 1014 4 58 6 40 2
1020 1012 4 1015 4 1014 4 68 7 64 0
1020 1012 4 1015 4 1014 4 26 6 84 2
1020 1012 4 1015 4 1014 4 13 1 32 7
1020 1012 4 1015 4 1014 4 68 7 92 0
1020 1012 4 1015 4 1014 4 84 7 32 2
1020 1012 4 1015 4 1014 4 17 0 19 0
1020 1012 4 1015 4 1014 4 26 1 99 4
1020 1012 4 1015 4 1014 4 44 0 49 7
1020 1012 4 1015 4 1014 4 64 7 40 6
1020 1012 4 1015 4 1014 4 64 2 99 7
1020 1012 4 1015 4 1014 4 42 2 68 7
1020 1012 4 1015 4 1014 4 99 4 40 6
1020 1012 4 1015 4 1014 4 58 6 92 1
1020 1012 4 1015 4 1014 4 44 0 99 3
1020 1012 4 1015 4 1014 4 84 0 49 6
1020 1012 4 1015 4 1014 4 26 0 84 0
1020 1012 4 1015 4 1014 4 19 6 32 2
1020 1012 4 1015 4 1014 4 19 0 84 2
1020 1012 4 1015 4 1014 4 26 0 99 3
1020 1012 4 1015 4 1014 4 84 0 64 7
1020 1012 4 1015 4 1014 4 49 6 92 6
1020 1012 4 1015 4 1014 4 49 6 99 3
1020 1012 4 1015 4 1014 4 11 1 32 2
1020 1012 4 1015 4 1014 4 68 7 92 1
1020 1012 4 1015 4 1014 4 40 2 26 0
1020 1012 4 1015 4 1014 4 26 0 99 7
1020 1012 4 1015 4 1014 4 99 4 32 7
1020 1012 4 1015 4 1014 4 19 6 64 2
1020 1012 4 1015 4 1014 4 44 0 19 6
1020 1012 4 1015 4 1014 4 32 7 11 6
1020 1012 4 1015 4 1014 4 49 7 13 0
1020 1012 4 1015 4 1014 4 19 0 19 6
1020 1012 4 1015 4 1014 4 32 7 32 2
1020 1012 4 1015 4 1014 4 49 7 49 6
1020 1012 4 1015 4 1014 4 58 7 58 6
1020 1012 4 1015 4 1014 4 64 7 64 0
1020 1012 4 1015 4 1014 4 84 2 84 0
1020 1012 4 1015 4 1014 4 13 0 19 0
1020 1012 4 1015 4 1014 4 99 2 58 2
1020 1012 4 1015 4 1014 4 58 6 19 6
1020 1012 4 1015 4 1014 4 32 7 68 7
1020 1012 4 1015 4 1014 4 42 2 99 7
1020 1012 4 1015 4 1014 4 58 6 44 0
1020 1012 4 1015 4 1014 4 64 7 32 7
1020 1012 4 1015 4 1014 4 49 7 64 2
1020 1012 4 1015 4 1014 4 99 1 84 7
1020 1012 4 1015 4 1014 4 11 1 68 7
1020 1012 4 1015 4 1014 4 40 6 32 2
1020 1012 4 1015 4 1014 4 40 6 99 4
1020 1012 4 1015 4 1014 4 19 0 64 0
1020 1012 4 1015 4 1014 4 42 2 40 6
1020 1012 4 1015 4 1014 4 40 6 26 1
1020 1012 4 1015 4 1014 4 99 7 17 0
1020 1012 4 1015 4 1014 4 19 7 44 0
1020 1012 4 1015 4 1014 4 99 1 84 0
1020 1012 4 1015 4 1014 4 26 6 92 0
1020 1012 4 1015 4 1014 4 26 0 11 6
1020 1012 4 1015 4 1014 4 64 7 32 2
1020 1012 4 1015 4 1014 4 84 2 99 1
1020 1012 4 1015 4 1014 4 84 0 99 3
1020 1012 4 1015 4 1014 4 42 2 99 2
1020 1012 4 1015 4 1014 4 13 1 42 2
1020 1012 4 1015 4 1014 4 99 4 84 7
1020 1012 4 1015 4 1014 4 49 2 17 0
1020 1012 4 1015 4 1014 4 11 6 84 0
1020 1012 4 1015 4 1014 4 11 1 32 7
1020 1012 4 1015 4 1014 4 13 1 92 0
1020 1012 4 1015 4 1014 4 49 6 68 7
1020 1012 4 1015 4 1014 4 44 0 26 1
1020 1012 4 1015 4 1014 4 13 0 11 6
1020 1012 4 1015 4 1014 4 84 0 44 0
1020 1012 4 1015 4 1014 4 26 0 40 6
1020 1012 4 1015 4 1014 4 68 7 32 7
1020 1012 4 1015 4 1014 4 58 7 64 2
1020 1012 4 1015 4 1014 4 92 0 11 6
1020 1012 4 1015 4 1014 4 32 2 84 2
1020 1012 4 1015 4 1014 4 19 6 13 0
1020 1012 4 1015 4 1014 4 64 0 44 0
1020 1012 4 1015 4 1014 4 32 2 17 0
1020 1012 4 1015 4 1014 4 26 6 19 7
1020 1012 4 1015 4 1014 4 58 7 19 7
1020 1012 4 1015 4 1014 4 84 2 19 7
1020 1012 4 1015 4 1014 4 32 2 11 1
1020 1012 4 1015 4 1014 4 58 7 13 0
1020 1012 4 1015 4 1014 4 58 7 49 7
1020 1012 4 1015 4 1014 4 17 0 11 0
1020 1012 4 1015 4 1014 4 58 6 11 0
1020 1012 4 1015 4 1014 4 13 1 11 6
1020 1012 4 1015 4 1014 4 19 6 44 0
1020 1012 4 1015 4 1014 4 99 2 40 2
1020 1012 4 1015 4 1014 4 84 7 68 7
1020 1012 4 1015 4 1014 4 32 7 64 0
1020 1012 4 1015 4 1014 4 49 7 32 7
1020 1012 4 1015 4 1014 4 19 0 26 6
1020 1012 4 1015 4 1014 4 49 2 44 0
1020 1012 4 1015 4 1014 4 58 2 92 1
1020 1012 4 1015 4 1014 4 19 6 64 7
1020 1012 4 1015 4 1014 4 84 0 68 7
1020 1012 4 1015 4 1014 4 19 7 42 2
1020 1012 4 1015 4 1014 4 13 1 68 7
1020 1012 4 1015 4 1014 4 40 2 44 0
1020 1012 4 1015 4 1014 4 99 1 19 7
1020 1012 4 1015 4 1014 4 49 6 44 0
1020 1012 4 1015 4 1014 4 92 1 99 1
1020 1012 4 1015 4 1014 4 19 6 64 0
1020 1012 4 1015 4 1014 4 42 2 64 0
1020 1012 4 1015 4 1014 4 32 2 92 1
1020 1012 4 1015 4 1014 4 84 2 19 0
1020 1012 4 1015 4 1014 4 32 7 44 0
1020 1012 4 1015 4 1014 4 17 0 19 7
1020 1012 4 1015 4 1014 4 64 2 13 0
1020 1012 4 1015 4 1014 4 84 0 58 7
1020 1012 4 1015 4 1014 4 99 7 13 0
1020 1012 4 1015 4 1014 4 49 7 44 0
1020 1012 4 1015 4 1014 4 84 2 40 2
1020 1012 4 1015 4 1014 4 17 0 58 2
1020 1012 4 1015 4 1014 4 58 2 42 2
1020 1012 4 1015 4 1014 4 84 2 13 1
1020 1012 4 1015 4 1014 4 40 6 92 6
1020 1012 4 1015 4 1014 4 40 6 32 7
1020 1012 4 1015 4 1014 4 64 2 32 2
1020 1012 4 1015 4 1014 4 49 6 40 6
1020 1012 4 1015 4 1014 4 84 2 99 3
1020 1012 4 1015 4 1014 4 64 2 42 2
1020 1012 4 1015 4 1014 4 19 6 49 6
1020 1012 4 1015 4 1014 4 32 2 19 6
1020 1012 4 1015 4 1014 4 26 1 99 2
1020 1012 4 1015 4 1014 4 19 0 49 2
1020 1012 4 1015 4 1014 4 13 0 40 2
1020 1012 4 1015 4 1014 4 92 1 64 2
1020 1012 4 1015 4 1014 4 13 0 92 6
1020 1012 4 1015 4 1014 4 84 7 58 7
1020 1012 4 1015 4 1014 4 40 2 99 3
1020 1012 4 1015 4 1014 4 58 2 84 0
1020 1012 4 1015 4 1014 4 49 6 11 1
1020 1012 4 1015 4 1014 4 99 1 49 7
1020 1012 4 1015 4 1014 4 40 2 13 1
1020 1012 4 1015 4 1014 4 49 2 32 2
1020 1012 4 1015 4 1014 4 49 2 84 7
1020 1012 4 1015 4 1014 4 58 2 92 0
1020 1012 4 1015 4 1014 4 99 3 11 0
1020 1012 4 1015 4 1014 4 19 0 49 7
1020 1012 4 1015 4 1014 4 40 2 42 2
1020 1012 4 1015 4 1014 4 32 2 49 7
1020 1012 4 1015 4 1014 4 92 6 49 7
1020 1012 4 1015 4 1014 4 49 6 26 0
1020 1012 4 1015 4 1014 4 84 2 64 0
1020 1012 4 1015 4 1014 4 11 1 11 6
1020 1012 4 1015 4 1014 4 19 0 19 7
1020 1012 4 1015 4 1014 4 40 6 40 2
1020 1012 4 1015 4 1014 4 49 7 49 2
1020 1012 4 1015 4 1014 4 58 2 58 7
1020 1012 4 1015 4 1014 4 64 2 64 0
1020 1012 4 1015 4 1014 4 84 7 84 0
1020 1012 4 1015 4 1014 4 99 7 99 2
1020 1012 4 1015 4 1014 4 84 0 13 0
1020 1012 4 1015 4 1014 4 92 6 49 6
1020 1012 4 1015 4 1014 4 64 7 49 7
1020 1012 4 1015 4 1014 4 49 6 42 2
1020 1012 4 1015 4 1014 4 19 7 99 2
1020 1012 4 1015 4 1014 4 84 2 92 0
1020 1012 4 1015 4 1014 4 13 0 58 7
1020 1012 4 1015 4 1014 4 26 6 99 2
1020 1012 4 1015 4 1014 4 40 6 26 6
1020 1012 4 1015 4 1014 4 13 1 64 7
1020 1012 4 1015 4 1014 4 32 2 84 0
1020 1012 4 1015 4 1014 4 40 6 49 7
1020 1012 4 1015 4 1014 4 99 3 44 0
1020 1012 4 1015 4 1014 4 26 6 11 6
1020 1012 4 1015 4 1014 4 44 0 49 6
1020 1012 4 1015 4 1014 4 49 6 58 6
1020 1012 4 1015 4 1014 4 99 4 32 2
1020 1012 4 1015 4 1014 4 84 0 99 4
1020 1012 4 1015 4 1014 4 99 4 58 2
1020 1012 4 1015 4 1014 4 99 3 92 6
1020 1012 4 1015 4 1014 4 19 6 32 7
1020 1012 4 1015 4 1014 4 13 1 44 0
1020 1012 4 1015 4 1014 4 44 0 58 6
1020 1012 4 1015 4 1014 4 99 3 68 7
1020 1012 4 1015 4 1014 4 40 6 99 1
1020 1012 4 1015 4 1014 4 19 0 84 7
1020 1012 4 1015 4 1014 4 92 1 68 7
1020 1012 4 1015 4 1014 4 64 2 58 7
1020 1012 4 1015 4 1014 4 17 0 11 1
1020 1012 4 1015 4 1014 4 49 2 19 7
1020 1012 4 1015 4 1014 4 13 1 17 0
1020 1012 4 1015 4 1014 4 13 0 68 7
1020 1012 4 1015 4 1014 4 19 7 40 6
1020 1012 4 1015 4 1014 4 17 0 92 6
1020 1012 4 1015 4 1014 4 32 7 64 7
1020 1012 4 1015 4 1014 4 26 1 40 6
1020 1012 4 1015 4 1014 4 13 1 99 1
1020 1012 4 1015 4 1014 4 58 2 19 7
1020 1012 4 1015 4 1014 4 84 2 58 6
1020 1012 4 1015 4 1014 4 99 1 40 2
1020 1012 4 1015 4 1014 4 84 7 40 6
1020 1012 4 1015 4 1014 4 42 2 58 6
1020 1012 4 1015 4 1014 4 26 1 17 0
1020 1012 4 1015 4 1014 4 68 7 19 0
1020 1012 4 1015 4 1014 4 92 1 17 0
1020 1012 4 1015 4 1014 4 92 1 49 6
1020 1012 4 1015 4 1014 4 49 2 19 6
1020 1012 4 1015 4 1014 4 32 7 84 2
1020 1012 4 1015 4 1014 4 13 0 84 7
1020 1012 4 1015 4 1014 4 19 0 64 7
1020 1012 4 1015 4 1014 4 26 0 64 2
1020 1012 4 1015 4 1014 4 11 1 58 7
1020 1012 4 1015 4 1014 4 19 6 42 2
1020 1012 4 1015 4 1014 4 58 6 64 7
1020 1012 4 1015 4 1014 4 13 0 64 0
1020 1012 4 1015 4 1014 4 64 7 19 0
1020 1012 4 1015 4 1014 4 13 1 58 6
1020 1012 4 1015 4 1014 4 26 0 68 7
1020 1012 4 1015 4 1014 4 19 7 32 7
1020 1012 4 1015 4 1014 4 64 0 42 2
1020 1012 4 1015 4 1014 4 13 0 49 7
1020 1012 4 1015 4 1014 4 64 7 26 0
1020 1012 4 1015 4 1014 4 64 2 40 2
1020 1012 4 1015 4 1014 4 99 3 26 0
1020 1012 4 1015 4 1014 4 68 7 32 2
1020 1012 4 1015 4 1014 4 64 7 13 1
1020 1012 4 1015 4 1014 4 40 2 26 1
1020 1012 4 1015 4 1014 4 40 2 11 6
1020 1012 4 1015 4 1014 4 32 2 13 1
1020 1012 4 1015 4 1014 4 68 7 13 0
1020 1012 4 1015 4 1014 4 99 3 32 2
1020 1012 4 1015 4 1014 4 11 1 64 2
1020 1012 4 1015 4 1014 4 32 2 26 6
1020 1012 4 1015 4 1014 4 99 4 68 7
1020 1012 4 1015 4 1014 4 11 6 40 6
1020 1012 4 1015 4 1014 4 42 2 49 6
1020 1012 4 1015 4 1014 4 64 0 68 7
1020 1012 4 1015 4 1014 4 42 2 92 0
1020 1012 4 1015 4 1014 4 99 2 19 7
1020 1012 4 1015 4 1014 4 11 1 13 1
1020 1012 4 1015 4 1014 4 64 7 19 7
1020 1012 4 1015 4 1014 4 11 0 11 1
1020 1012 4 1015 4 1014 4 19 6 19 0
1020 1012 4 1015 4 1014 4 49 6 49 7
1020 1012 4 1015 4 1014 4 92 1 92 0
1020 1012 4 1015 4 1014 4 92 1 42 2
1020 1012 4 1015 4 1014 4 42 2 99 3
1020 1012 4 1015 4 1014 4 84 0 17 0
1020 1012 4 1015 4 1014 4 11 0 32 7
1020 1012 4 1015 4 1014 4 92 6 99 2
1020 1012 4 1015 4 1014 4 99 4 19 6
1020 1012 4 1015 4 1014 4 49 2 64 7
1020 1012 4 1015 4 1014 4 26 0 44 0
1020 1012 4 1015 4 1014 4 64 2 58 6
1020 1012 4 1015 4 1014 4 26 6 19 6
1020 1012 4 1015 4 1014 4 92 6 99 3
1020 1012 4 1015 4 1014 4 11 1 99 2
1020 1012 4 1015 4 1014 4 99 7 49 6
1020 1012 4 1015 4 1014 4 17 0 26 0
1020 1012 4 1015 4 1014 4 99 1 26 1
1020 1012 4 1015 4 1014 4 99 7 11 6
1020 1012 4 1015 4 1014 4 99 7 58 2
1020 1012 4 1015 4 1014 4 26 1 49 7
1020 1012 4 1015 4 1014 4 84 2 58 7
1020 1012 4 1015 4 1014 4 84 0 32 2
1020 1012 4 1015 4 1014 4 40 6 44 0
1020 1012 4 1015 4 1014 4 49 6 19 6
1020 1012 4 1015 4 1014 4 58 2 17 0
1020 1012 4 1015 4 1014 4 49 2 64 0
1020 1012 4 1015 4 1014 4 58 2 84 2
1020 1012 4 1015 4 1014 4 13 1 58 2
1020 1012 4 1015 4 1014 4 19 7 58 7
1020 1012 4 1015 4 1014 4 49 7 26 1
1020 1012 4 1015 4 1014 4 42 2 19 0
1020 1012 4 1015 4 1014 4 84 2 11 1
1020 1012 4 1015 4 1014 4 40 2 58 2
1020 1012 4 1015 4 1014 4 58 2 49 7
1020 1012 4 1015 4 1014 4 58 7 92 0
1020 1012 4 1015 4 1014 4 32 7 19 6
1020 1012 4 1015 4 1014 4 99 4 42 2
1020 1012 4 1015 4 1014 4 49 2 13 1
1020 1012 4 1015 4 1014 4 13 1 58 7
1020 1012 4 1015 4 1014 4 58 7 84 7
1020 1012 4 1015 4 1014 4 64 7 17 0
1020 1012 4 1015 4 1014 4 58 7 92 1
1020 1012 4 1015 4 1014 4 32 7 49 6
1020 1012 4 1015 4 1014 4 64 7 99 3
1020 1012 4 1015 4 1014 4 64 0 92 6
1020 1012 4 1015 4 1014 4 92 0 40 6
1020 1012 4 1015 4 1014 4 84 7 64 2
1020 1012 4 1015 4 1014 4 11 6 44 0
1020 1012 4 1015 4 1014 4 19 6 99 7
1020 1012 4 1015 4 1014 4 13 0 92 1
1020 1012 4 1015 4 1014 4 26 1 84 7
1020 1012 4 1015 4 1014 4 58 7 32 2
1020 1012 4 1015 4 1014 4 13 0 58 6
1020 1012 4 1015 4 1014 4 49 6 58 2
1020 1012 4 1015 4 1014 4 64 7 11 6
1020 1012 4 1015 4 1014 4 13 0 11 1
1020 1012 4 1015 4 1014 4 40 6 92 1
1020 1012 4 1015 4 1014 4 19 6 58 2
1020 1012 4 1015 4 1014 4 26 6 64 0
1020 1012 4 1015 4 1014 4 11 1 44 0
1020 1012 4 1015 4 1014 4 13 1 26 0
1020 1012 4 1015 4 1014 4 26 6 40 6
1020 1012 4 1015 4 1014 4 49 7 99 3
1020 1012 4 1015 4 1014 4 58 6 49 6
1020 1012 4 1015 4 1014 4 26 0 19 7
1020 1012 4 1015 4 1014 4 26 0 42 2
1020 1012 4 1015 4 1014 4 32 7 99 7
1020 1012 4 1015 4 1014 4 19 7 92 1
1020 1012 4 1015 4 1014 4 40 6 99 3
1020 1012 4 1015 4 1014 4 11 1 58 6
1020 1012 4 1015 4 1014 4 32 7 92 1
1020 1012 4 1015 4 1014 4 26 1 32 2
1020 1012 4 1015 4 1014 4 19 7 19 6
1020 1012 4 1015 4 1014 4 99 1 99 3
1020 1012 4 1015 4 1014 4 49 2 84 2
1020 1012 4 1015 4 1014 4 19 6 58 6
1020 1012 4 1015 4 1014 4 58 7 68 7
1020 1012 4 1015 4 1014 4 92 6 64 0
1020 1012 4 1015 4 1014 4 58 2 49 6
1020 1012 4 1015 4 1014 4 26 0 32 7
1020 1012 4 1015 4 1014 4 84 2 11 0
1020 1012 4 1015 4 1014 4 58 2 40 2
1020 1012 4 1015 4 1014 4 44 0 19 0
1020 1012 4 1015 4 1014 4 26 6 84 0
1020 1012 4 1015 4 1014 4 11 0 58 6
1020 1012 4 1015 4 1014 4 58 6 49 2
1020 1012 4 1015 4 1014 4 13 1 19 6
1020 1012 4 1015 4 1014 4 92 0 44 0
1020 1012 4 1015 4 1014 4 19 7 64 2
1020 1012 4 1015 4 1014 4 40 2 49 7
1020 1012 4 1015 4 1014 4 84 0 58 6
1020 1012 4 1015 4 1014 4 13 0 99 2
1020 1012 4 1015 4 1014 4 32 2 11 0
1020 1012 4 1015 4 1014 4 19 0 92 1
1020 1012 4 1015 4 1014 4 11 1 58 2
1020 1012 4 1015 4 1014 4 64 7 11 1
1020 1012 4 1015 4 1014 4 99 1 58 7
1020 1012 4 1015 4 1014 4 58 7 99 4
1020 1012 4 1015 4 1014 4 19 0 11 1
1020 1012 4 1015 4 1014 4 17 0 99 2
1020 1012 4 1015 4 1014 4 19 7 13 0
1020 1012 4 1015 4 1014 4 32 2 99 2
1020 1012 4 1015 4 1014 4 42 2 11 6
1020 1012 4 1015 4 1014 4 11 6 99 4
1020 1012 4 1015 4 1014 4 49 2 92 1
1020 1012 4 1015 4 1014 4 99 2 64 7
1020 1012 4 1015 4 1014 4 49 2 32 7
1020 1012 4 1015 4 1014 4 99 7 40 2
1020 1012 4 1015 4 1014 4 68 7 17 0
1020 1012 4 1015 4 1014 4 26 0 40 2
1020 1012 4 1015 4 1014 4 11 1 49 7
1020 1012 4 1015 4 1014 4 26 0 64 7
1020 1012 4 1015 4 1014 4 64 0 92 0
1020 1012 4 1015 4 1014 4 58 6 68 7
1020 1012 4 1015 4 1014 4 99 7 13 1
1020 1012 4 1015 4 1014 4 11 0 99 3
1020 1012 4 1015 4 1014 4 19 7 58 6
1020 1012 4 1015 4 1014 4 11 6 68 7
1020 1012 4 1015 4 1014 4 11 1 40 6
1020 1012 4 1015 4 1014 4 58 7 11 0
1020 1012 4 1015 4 1014 4 11 6 99 3
1020 1012 4 1015 4 1014 4 92 6 11 0
1020 1012 4 1015 4 1014 4 26 0 92 6
1020 1012 4 1015 4 1014 4 11 6 19 6
1020 1012 4 1015 4 1014 4 99 2 32 2
1020 1012 4 1015 4 1014 4 49 2 26 1
1020 1012 4 1015 4 1014 4 99 4 13 1
1020 1012 4 1015 4 1014 4 11 0 13 0
1020 1012 4 1015 4 1014 4 26 0 13 0
1020 1012 4 1015 4 1014 4 42 2 19 6
1020 1012 4 1015 4 1014 4 19 0 26 1
1020 1012 4 1015 4 1014 4 44 0 99 2
1020 1012 4 1015 4 1014 4 19 6 99 3
1020 1012 4 1015 4 1014 4 32 2 58 7
1020 1012 4 1015 4 1014 4 42 2 19 7
1020 1012 4 1015 4 1014 4 11 1 99 4
1020 1012 4 1015 4 1014 4 92 1 99 2
1020 1012 4 1015 4 1014 4 44 0 64 7
1020 1012 4 1015 4 1014 4 64 2 92 1
1020 1012 4 1015 4 1014 4 49 7 92 1
1020 1012 4 1015 4 1014 4 68 7 92 6
1020 1012 4 1015 4 1014 4 13 1 84 2
1020 1012 4 1015 4 1014 4 99 2 92 0
1020 1012 4 1015 4 1014 4 49 6 49 2
1020 1012 4 1015 4 1014 4 92 6 92 1
1020 1012 4 1015 4 1014 4 99 1 99 2
1020 1012 4 1015 4 1014 4 19 0 26 0
1020 1012 4 1015 4 1014 4 26 6 92 1
1020 1012 4 1015 4 1014 4 44 0 26 6
1020 1012 4 1015 4 1014 4 49 2 92 6
1020 1012 4 1015 4 1014 4 11 0 49 7
1020 1012 4 1015 4 1014 4 44 0 84 2
1020 1012 4 1015 4 1014 4 84 7 92 6
1020 1012 4 1015 4 1014 4 44 0 40 2
1020 1012 4 1015 4 1014 4 40 6 42 2
1020 1012 4 1015 4 1014 4 92 1 64 0
1020 1012 4 1015 4 1014 4 40 2 19 7
1020 1012 4 1015 4 1014 4 92 1 32 7
1020 1012 4 1015 4 1014 4 64 0 99 3
1020 1012 4 1015 4 1014 4 99 2 19 6
1020 1012 4 1015 4 1014 4 11 0 49 6
1020 1012 4 1015 4 1014 4 19 0 99 7
1020 1012 4 1015 4 1014 4 49 6 58 7
1020 1012 4 1015 4 1014 4 99 1 44 0
1020 1012 4 1015 4 1014 4 40 6 19 0
1020 1012 4 1015 4 1014 4 64 0 58 7
1020 1012 4 1015 4 1014 4 58 2 11 1
1020 1012 4 1015 4 1014 4 19 0 92 6
1020 1012 4 1015 4 1014 4 32 2 64 7
1020 1012 4 1015 4 1014 4 64 2 26 1
1020 1012 4 1015 4 1014 4 26 6 99 4
1020 1012 4 1015 4 1014 4 49 7 84 2
1020 1012 4 1015 4 1014 4 40 6 58 2
1020 1012 4 1015 4 1014 4 49 7 99 4
1020 1012 4 1015 4 1014 4 92 1 13 0
1020 1012 4 1015 4 1014 4 26 1 58 6
1020 1012 4 1015 4 1014 4 58 6 92 6
1020 1012 4 1015 4 1014 4 44 0 92 1
1020 1012 4 1015 4 1014 4 84 2 49 6
1020 1012 4 1015 4 1014 4 84 0 40 2
1020 1012 4 1015 4 1014 4 11 0 84 7
1020 1012 4 1015 4 1014 4 17 0 32 7
1020 1012 4 1015 4 1014 4 13 0 19 7
1020 1012 4 1015 4 1014 4 99 2 13 0
1020 1012 4 1015 4 1014 4 99 2 19 0
1020 1012 4 1015 4 1014 4 11 0 26 1
1020 1012 4 1015 4 1014 4 13 1 64 2
1020 1012 4 1015 4 1014 4 32 7 84 0
1020 1012 4 1015 4 1014 4 32 7 19 0
1020 1012 4 1015 4 1014 4 58 2 92 6
1020 1012 4 1015 4 1014 4 99 4 92 0
1020 1012 4 1015 4 1014 4 68 7 84 7
1020 1012 4 1015 4 1014 4 11 0 84 0
1020 1012 4 1015 4 1014 4 99 4 64 2
1020 1012 4 1015 4 1014 4 26 1 92 6
1020 1012 4 1015 4 1014 4 99 7 40 6
1020 1012 4 1015 4 1014 4 11 0 84 2
1020 1012 4 1015 4 1014 4 58 2 99 2
1020 1012 4 1015 4 1014 4 19 7 26 6
1020 1012 4 1015 4 1014 4 19 6 58 7
1020 1012 4 1015 4 1014 4 64 2 19 6
1020 1012 4 1015 4 1014 4 49 7 19 6
1020 1012 4 1015 4 1014 4 99 2 49 6
1020 1012 4 1015 4 1014 4 19 7 32 2
1020 1012 4 1015 4 1014 4 84 7 26 0
1020 1012 4 1015 4 1014 4 26 0 26 6
1020 1012 4 1015 4 1014 4 64 0 64 7
1020 1012 4 1015 4 1014 4 19 6 92 1
1020 1012 4 1015 4 1014 4 19 0 11 0
1020 1012 4 1015 4 1014 4 99 2 64 2
1020 1012 4 1015 4 1014 4 19 7 11 6
1020 1012 4 1015 4 1014 4 11 0 99 4
1020 1012 4 1015 4 1014 4 84 2 49 2
1020 1012 4 1015 4 1014 4 26 1 58 7
1020 1012 4 1015 4 1014 4 17 0 58 7
1020 1012 4 1015 4 1014 4 11 1 64 7
1020 1012 4 1015 4 1014 4 32 2 49 2
1020 1012 4 1015 4 1014 4 49 7 42 2
1020 1012 4 1015 4 1014 4 99 2 44 0
1020 1012 4 1015 4 1014 4 26 1 99 1
1020 1012 4 1015 4 1014 4 84 0 92 0
1020 1012 4 1015 4 1014 4 99 3 58 6
1020 1012 4 1015 4 1014 4 17 0 64 0
1020 1012 4 1015 4 1014 4 68 7 49 6
1020 1012 4 1015 4 1014 4 19 0 64 2
1020 1012 4 1015 4 1014 4 99 3 64 2
1020 1012 4 1015 4 1014 4 99 3 26 6
1020 1012 4 1015 4 1014 4 64 2 40 6
1020 1012 4 1015 4 1014 4 26 6 99 7
1020 1012 4 1015 4 1014 4 99 4 17 0
1020 1012 4 1015 4 1014 4 40 6 64 7
1020 1012 4 1015 4 1014 4 26 1 49 2
1020 1012 4 1015 4 1014 4 11 0 68 7
1020 1012 4 1015 4 1014 4 40 2 92 6
1020 1012 4 1015 4 1014 4 99 7 44 0
1020 1012 4 1015 4 1014 4 32 2 68 7
1020 1012 4 1015 4 1014 4 26 6 42 2
1020 1012 4 1015 4 1014 4 92 0 32 7
1020 1012 4 1015 4 1014 4 64 2 84 2
1020 1012 4 1015 4 1014 4 92 0 19 7
1020 1012 4 1015 4 1014 4 49 2 99 7
1020 1012 4 1015 4 1014 4 26 0 64 0
1020 1012 4 1015 4 1014 4 99 7 26 6
1020 1012 4 1015 4 1014 4 99 3 19 6
1020 1012 4 1015 4 1014 4 64 2 49 2
1020 1012 4 1015 4 1014 4 26 6 58 6
1020 1012 4 1015 4 1014 4 11 0 19 0
1020 1012 4 1015 4 1014 4 92 1 19 6
1020 1012 4 1015 4 1014 4 26 0 19 6
1020 1012 4 1015 4 1014 4 84 2 92 6
1020 1012 4 1015 4 1014 4 58 7 11 1
1020 1012 4 1015 4 1014 4 84 0 92 6
1020 1012 4 1015 4 1014 4 49 7 32 2
1020 1012 4 1015 4 1014 4 32 7 40 6
1020 1012 4 1015 4 1014 4 99 4 40 2
1020 1012 4 1015 4 1014 4 19 7 19 0
1020 1012 4 1015 4 1014 4 64 7 64 2
1020 1012 4 1015 4 1014 4 92 0 84 0
1020 1012 4 1015 4 1014 4 64 7 84 7
1020 1012 4 1015 4 1014 4 44 0 58 2
1020 1012 4 1015 4 1014 4 49 2 13 0
1020 1012 4 1015 4 1014 4 49 7 99 2
1020 1012 4 1015 4 1014 4 26 6 58 7
1020 1012 4 1015 4 1014 4 13 0 64 2
1020 1012 4 1015 4 1014 4 58 7 19 0
1020 1012 4 1015 4 1014 4 58 2 26 6
1020 1012 4 1015 4 1014 4 99 4 64 0
1020 1012 4 1015 4 1014 4 32 2 58 2
1020 1012 4 1015 4 1014 4 19 6 26 0
1020 1012 4 1015 4 1014 4 13 0 92 0
1020 1012 4 1015 4 1014 4 84 0 32 7
1020 1012 4 1015 4 1014 4 49 7 26 0
1020 1012 4 1015 4 1014 4 58 7 17 0
1020 1012 4 1015 4 1014 4 64 0 40 2
1020 1012 4 1015 4 1014 4 49 6 64 2
1020 1012 4 1015 4 1014 4 49 2 99 4
1020 1012 4 1015 4 1014 4 13 0 99 7
1020 1012 4 1015 4 1014 4 99 7 11 1
1020 1012 4 1015 4 1014 4 64 2 92 0
1020 1012 4 1015 4 1014 4 40 2 49 2
1020 1012 4 1015 4 1014 4 32 2 40 2
1020 1012 4 1015 4 1014 4 99 1 11 0
1020 1012 4 1015 4 1014 4 49 6 19 7
1020 1012 4 1015 4 1014 4 99 4 92 1
1020 1012 4 1015 4 1014 4 58 2 68 7
1020 1012 4 1015 4 1014 4 19 0 42 2
1020 1012 4 1015 4 1014 4 19 7 84 2
1020 1012 4 1015 4 1014 4 40 6 19 7
1020 1012 4 1015 4 1014 4 99 2 26 0
1020 1012 4 1015 4 1014 4 99 3 84 2
1020 1012 4 1015 4 1014 4 92 1 84 2
1020 1012 4 1015 4 1014 4 42 2 64 7
1020 1012 4 1015 4 1014 4 40 6 64 0
1020 1012 4 1015 4 1014 4 11 6 32 2
1020 1012 4 1015 4 1014 4 13 0 32 7
1020 1012 4 1015 4 1014 4 99 1 68 7
1020 1012 4 1015 4 1014 4 99 4 84 2
1020 1012 4 1015 4 1014 4 32 2 19 7
1020 1012 4 1015 4 1014 4 84 2 32 7
1020 1012 4 1015 4 1014 4 64 0 40 6
1020 1012 4 1015 4 1014 4 40 2 11 0
1020 1012 4 1015 4 1014 4 84 0 40 6
1020 1012 4 1015 4 1014 4 68 7 58 6
1020 1012 4 1015 4 1014 4 99 3 32 7
1020 1012 4 1015 4 1014 4 11 1 11 0
1020 1012 4 1015 4 1014 4 99 2 99 3
1020 1012 4 1015 4 1014 4 49 2 40 2
1020 1012 4 1015 4 1014 4 92 6 19 7
1020 1012 4 1015 4 1014 4 13 0 42 2
1020 1012 4 1015 4 1014 4 99 7 26 0
1020 1012 4 1015 4 1014 4 11 1 40 2
1020 1012 4 1015 4 1014 4 11 6 99 2
1020 1012 4 1015 4 1014 4 26 0 11 1
1020 1012 4 1015 4 1014 4 19 7 40 2
1020 1012 4 1015 4 1014 4 13 1 99 4
1020 1012 4 1015 4 1014 4 99 3 19 7
1020 1012 4 1015 4 1014 4 40 6 13 0
1020 1012 4 1015 4 1014 4 49 6 26 6
1020 1012 4 1015 4 1014 4 19 7 17 0
1020 1012 4 1015 4 1014 4 99 1 32 2
1020 1012 4 1015 4 1014 4 49 7 58 2
1020 1012 4 1015 4 1014 4 92 6 26 0
1020 1012 4 1015 4 1014 4 64 0 99 7
1020 1012 4 1015 4 1014 4 84 7 13 0
1020 1012 4 1015 4 1014 4 32 2 84 7
1020 1012 4 1015 4 1014 4 26 6 64 2
1020 1012 4 1015 4 1014 4 32 2 92 0
1020 1012 4 1015 4 1014 4 92 0 84 2
1020 1012 4 1015 4 1014 4 99 1 11 6
1020 1012 4 1015 4 1014 4 19 0 99 2
1020 1012 4 1015 4 1014 4 58 2 19 0
1020 1012 4 1015 4 1014 4 40 2 84 2
1020 1012 4 1015 4 1014 4 32 7 92 0
1020 1012 4 1015 4 1014 4 58 6 32 2
1020 1012 4 1015 4 1014 4 99 7 68 7
1020 1012 4 1015 4 1014 4 58 6 58 2
1020 1012 4 1015 4 1014 4 99 1 99 7
1020 1012 4 1015 4 1014 4 42 2 84 2
1020 1012 4 1015 4 1014 4 64 7 26 1
1020 1012 4 1015 4 1014 4 40 2 84 7
1020 1012 4 1015 4 1014 4 32 7 26 1
1020 1012 4 1015 4 1014 4 84 7 99 1
1020 1012 4 1015 4 1014 4 11 1 84 2
1020 1012 4 1015 4 1014 4 64 2 19 0
1020 1012 4 1015 4 1014 4 19 6 11 6
1020 1012 4 1015 4 1014 4 40 2 26 6
1020 1012 4 1015 4 1014 4 13 0 49 6
1020 1012 4 1015 4 1014 4 11 1 13 0
1020 1012 4 1015 4 1014 4 84 2 26 0
1020 1012 4 1015 4 1014 4 11 1 84 7
1020 1012 4 1015 4 1014 4 19 6 92 0
1020 1012 4 1015 4 1014 4 99 2 84 2
1020 1012 4 1015 4 1014 4 40 2 58 7
1020 1012 4 1015 4 1014 4 84 0 99 1
1020 1012 4 1015 4 1014 4 49 7 92 6
1020 1012 4 1015 4 1014 4 84 0 26 1
1020 1012 4 1015 4 1014 4 26 1 64 7
1020 1012 4 1015 4 1014 4 58 6 13 1
1020 1012 4 1015 4 1014 4 64 0 11 1
1020 1012 4 1015 4 1014 4 26 1 64 0
1020 1012 4 1015 4 1014 4 11 1 92 1
1020 1012 4 1015 4 1014 4 11 6 92 1
1020 1012 4 1015 4 1014 4 64 7 49 6
1020 1012 4 1015 4 1014 4 40 2 99 4
1020 1012 4 1015 4 1014 4 58 2 40 6
1020 1012 4 1015 4 1014 4 84 2 32 2
1020 1012 4 1015 4 1014 4 42 2 64 2
1020 1012 4 1015 4 1014 4 13 1 49 7
1020 1012 4 1015 4 1014 4 64 0 99 2
1020 1012 4 1015 4 1014 4 92 0 99 3
1020 1012 4 1015 4 1014 4 40 6 11 0
1020 1012 4 1015 4 1014 4 19 6 40 6
1020 1012 4 1015 4 1014 4 49 6 84 2
1020 1012 4 1015 4 1014 4 92 6 40 2
1020 1012 4 1015 4 1014 4 84 0 49 2
1020 1012 4 1015 4 1014 4 17 0 99 1
1020 1012 4 1015 4 1014 4 26 6 84 7
1020 1012 4 1015 4 1014 4 26 1 11 1
1020 1012 4 1015 4 1014 4 84 7 19 7
1020 1012 4 1015 4 1014 4 92 6 64 7
1020 1012 4 1015 4 1014 4 99 1 19 0
1020 1012 4 1015 4 1014 4 84 0 99 2
1020 1012 4 1015 4 1014 4 99 2 49 7
1020 1012 4 1015 4 1014 4 58 2 64 7
1020 1012 4 1015 4 1014 4 99 4 49 2
1020 1012 4 1015 4 1014 4 13 0 99 3
1020 1012 4 1015 4 1014 4 26 6 17 0
1020 1012 4 1015 4 1014 4 68 7 99 1
1020 1012 4 1015 4 1014 4 19 7 84 7
1020 1012 4 1015 4 1014 4 64 0 32 7
1020 1012 4 1015 4 1014 4 19 7 49 6
1020 1012 4 1015 4 1014 4 19 7 49 7
1020 1012 4 1015 4 1014 4 84 7 19 0
1020 1012 4 1015 4 1014 4 19 6 49 7
1020 1012 4 1015 4 1014 4 99 1 13 0
1020 1012 4 1015 4 1014 4 99 4 11 0
1020 1012 4 1015 4 1014 4 26 1 11 0
1020 1012 4 1015 4 1014 4 92 0 99 1
1020 1012 4 1015 4 1014 4 11 0 99 2
1020 1012 4 1015 4 1014 4 99 1 49 2
1020 1012 4 1015 4 1014 4 32 7 99 2
1020 1012 4 1015 4 1014 4 64 0 49 7
1020 1012 4 1015 4 1014 4 92 0 19 6
1020 1012 4 1015 4 1014 4 26 1 19 6
1020 1012 4 1015 4 1014 4 19 7 99 1
1020 1012 4 1015 4 1014 4 68 7 11 0
1020 1012 4 1015 4 1014 4 11 1 19 6
1020 1012 4 1015 4 1014 4 49 2 49 7
1020 1012 4 1015 4 1014 4 92 0 92 1
1020 1012 4 1015 4 1014 4 99 4 99 7
1020 1012 4 1015 4 1014 4 58 2 26 0
1020 1012 4 1015 4 1014 4 58 6 19 0
1020 1012 4 1015 4 1014 4 84 7 26 1
1020 1012 4 1015 4 1014 4 19 0 99 4
1020 1012 4 1015 4 1014 4 92 6 58 2
1020 1012 4 1015 4 1014 4 19 6 49 2
1020 1012 4 1015 4 1014 4 84 2 40 6
1020 1012 4 1015 4 1014 4 92 0 99 7
1020 1012 4 1015 4 1014 4 26 6 64 7
1020 1012 4 1015 4 1014 4 32 7 99 1
1020 1012 4 1015 4 1014 4 99 2 11 6
1020 1012 4 1015 4 1014 4 26 1 84 0
1020 1012 4 1015 4 1014 4 13 1 49 2
1020 1012 4 1015 4 1014 4 32 7 58 6
1020 1012 4 1015 4 1014 4 19 7 49 2
1020 1012 4 1015 4 1014 4 64 7 26 6
1020 1012 4 1015 4 1014 4 64 7 13 0
1020 1012 4 1015 4 1014 4 58 7 99 3
1020 1012 4 1015 4 1014 4 92 1 11 0
1020 1012 4 1015 4 1014 4 40 2 64 7
1020 1012 4 1015 4 1014 4 11 1 26 0
1020 1012 4 1015 4 1014 4 26 6 49 6
1020 1012 4 1015 4 1014 4 64 2 99 2
1020 1012 4 1015 4 1014 4 58 6 64 0
1020 1012 4 1015 4 1014 4 32 7 99 3
1020 1012 4 1015 4 1014 4 99 4 19 0
1020 1012 4 1015 4 1014 4 11 6 64 7
1020 1012 4 1015 4 1014 4 92 1 58 7
1020 1012 4 1015 4 1014 4 64 0 13 0
1020 1012 4 1015 4 1014 4 92 0 26 1
1020 1012 4 1015 4 1014 4 92 0 32 2
1020 1012 4 1015 4 1014 4 99 1 26 0
1020 1012 4 1015 4 1014 4 99 2 84 0
1020 1012 4 1015 4 1014 4 32 7 99 4
1020 1012 4 1015 4 1014 4 58 7 92 6
1020 1012 4 1015 4 1014 4 92 1 84 7
1020 1012 4 1015 4 1014 4 58 2 84 7
1020 1012 4 1015 4 1014 4 84 0 58 2
1020 1012 4 1015 4 1014 4 64 7 99 7
1020 1012 4 1015 4 1014 4 11 0 58 2
1020 1012 4 1015 4 1014 4 92 6 13 0
1020 1012 4 1015 4 1014 4 40 2 49 6
1020 1012 4 1015 4 1014 4 92 0 11 0
1020 1012 4 1015 4 1014 4 40 6 92 0
1020 1012 4 1015 4 1014 4 40 6 58 7
1020 1012 4 1015 4 1014 4 19 0 92 0
1020 1012 4 1015 4 1014 4 26 0 99 2
1020 1012 4 1015 4 1014 4 64 0 32 2
1020 1012 4 1015 4 1014 4 84 2 84 7
1020 1012 4 1015 4 1014 4 99 7 99 4
1020 1012 4 1015 4 1014 4 58 6 11 6
1020 1012 4 1015 4 1014 4 58 6 32 7
1020 1012 4 1015 4 1014 4 84 7 49 6
1020 1012 4 1015 4 1014 4 64 0 58 2
1020 1012 4 1015 4 1014 4 49 7 11 0
1020 1012 4 1015 4 1014 4 92 1 40 6
1020 1012 4 1015 4 1014 4 13 1 40 6
1020 1012 4 1015 4 1014 4 99 7 92 0
1020 1012 4 1015 4 1014 4 92 0 26 6
1020 1012 4 1015 4 1014 4 99 3 49 6
1020 1012 4 1015 4 1014 4 26 1 13 0
1020 1012 4 1015 4 1014 4 92 0 64 7
1020 1012 4 1015 4 1014 4 49 6 84 7
1020 1012 4 1015 4 1014 4 92 0 84 7
1020 1012 4 1015 4 1014 4 64 0 99 4
1020 1012 4 1015 4 1014 4 99 2 32 7
1020 1012 4 1015 4 1014 4 40 6 84 7
1020 1012 4 1015 4 1014 4 99 2 58 6
1020 1012 4 1015 4 1014 4 99 7 84 7
1020 1012 4 1015 4 1014 4 92 0 99 4
1020 1012 4 1015 4 1014 4 19 6 26 6
1020 1012 4 1015 4 1014 4 58 6 19 7
1020 1012 4 1015 4 1014 4 13 1 11 0
1020 1012 4 1015 4 1014 4 19 7 11 0
1020 1012 4 1015 4 1014 4 49 7 84 0
1020 1012 4 1015 4 1014 4 11 1 26 6
1020 1012 4 1015 4 1014 4 32 7 11 0
1020 1012 4 1015 4 1014 4 26 1 84 2
1020 1012 4 1015 4 1014 4 58 6 99 1
1020 1012 4 1015 4 1014 4 92 0 26 0
1020 1012 4 1015 4 1014 4 58 7 64 0
1020 1012 4 1015 4 1014 4 26 6 58 2
1020 1012 4 1015 4 1014 4 58 7 26 1
1020 1012 4 1015 4 1014 4 58 2 11 0
1020 1012 4 1015 4 1014 4 26 1 64 2
1020 1012 4 1015 4 1014 4 19 0 58 6
1020 1012 4 1015 4 1014 4 84 0 92 1
1020 1012 4 1015 4 1014 4 26 0 13 1
1020 1012 4 1015 4 1014 4 64 0 58 6
1020 1012 4 1015 4 1014 4 58 7 99 1
1020 1012 4 1015 4 1014 4 13 0 58 2
1020 1012 4 1015 4 1014 4 99 3 64 0
1020 1012 4 1015 4 1014 4 84 7 11 1
1020 1012 4 1015 4 1014 4 92 0 64 2
1020 1012 4 1015 4 1014 4 99 4 26 6
1020 1012 4 1015 4 1014 4 58 7 19 6
1020 1012 4 1015 4 1014 4 58 2 13 1
1020 1012 4 1015 4 1014 4 32 2 26 0
1020 1012 4 1015 4 1014 4 99 4 13 0
1020 1012 4 1015 4 1014 4 99 4 26 1
1020 1012 4 1015 4 1014 4 26 0 99 1
1020 1012 4 1015 4 1014 4 64 2 11 1
1020 1012 4 1015 4 1014 4 19 7 64 0
1020 1012 4 1015 4 1014 4 11 6 26 0
