1002 101 4 57 2 40 5 92 6
1002 101 4 56 3 47 7 15 7
1002 101 4 65 7 55 3 38 2
1002 101 4 88 2 92 1 40 6
1002 101 4 20 6 95 3 46 2
1002 101 4 52 7 55 4 9 4
1002 101 4 17 1 40 5 26 6
1002 101 4 1 5 56 7 23 7
1002 101 4 94 4 55 4 16 5
1002 101 4 32 2 92 1 98 7
1002 101 4 95 4 85 4 10 1
1002 101 4 53 7 52 4 38 4
1002 101 4 64 0 44 6 40 7
1002 101 4 85 5 20 6 15 7
1002 101 4 55 2 52 3 9 3
1002 101 4 68 7 41 2 84 0
1002 101 4 46 2 56 2 47 5
1002 101 4 38 2 70 4 71 4
1002 101 4 44 7 58 2 32 5
1002 101 4 20 2 60 7 85 5
1002 101 4 65 3 94 4 55 4
1002 101 4 99 4 25 7 19 6
1002 101 4 23 7 45 6 50 5
1002 101 4 87 7 53 7 16 4
1002 101 4 44 2 57 7 88 7
1002 101 4 47 7 1 3 85 2
1002 101 4 48 4 71 4 16 5
1002 101 4 64 7 44 0 17 1
1002 101 4 10 2 7 3 46 7
1002 101 4 81 5 16 2 48 7
1002 101 4 98 1 44 5 42 5
1002 101 4 60 2 20 2 85 5
1002 101 4 48 4 53 7 55 3
1002 101 4 40 7 64 2 11 0
1002 101 4 45 7 1 4 85 4
1002 101 4 53 2 71 4 61 3
1002 101 4 92 6 99 1 40 6
1002 101 4 7 5 45 2 50 5
1002 101 4 87 0 73 3 55 7
1002 101 4 64 2 42 5 17 0
1002 101 4 50 5 95 4 47 5
1002 101 4 9 3 87 5 16 4
1002 101 4 64 5 40 6 44 2
1002 101 4 95 4 7 4 50 7
1002 101 4 61 4 38 3 65 4
1002 101 4 40 2 41 6 13 0
1002 101 4 7 5 23 6 45 2
1002 101 4 81 5 55 2 73 2
1002 101 4 58 7 92 6 26 6
1002 101 4 45 3 10 7 85 4
1002 101 4 94 4 55 3 81 7
1002 101 4 44 5 68 2 32 6
1002 101 4 7 3 20 2 85 2
1002 101 4 16 5 94 4 55 7
1002 101 4 84 7 42 5 11 6
1002 101 4 95 3 60 4 78 5
1002 101 4 52 2 38 3 61 2
1002 101 4 92 6 84 2 11 6
1002 101 4 85 4 78 4 46 2
1002 101 4 16 4 52 4 65 4
1002 101 4 58 5 99 3 49 5
1002 101 4 7 5 10 6 23 6
1002 101 4 48 7 87 2 70 4
1002 101 4 98 7 49 5 42 5
1002 101 4 45 4 46 2 56 7
1002 101 4 81 6 65 3 61 4
1002 101 4 57 2 13 1 32 6
1002 101 4 10 7 45 6 20 3
1002 101 4 94 4 70 4 9 3
1002 101 4 13 0 98 2 44 2
1002 101 4 56 3 1 5 60 4
1002 101 4 55 4 61 7 16 3
1002 101 4 99 2 44 2 32 2
1002 101 4 1 6 56 2 45 5
1002 101 4 71 4 73 3 65 4
1002 101 4 19 7 41 2 88 2
1002 101 4 46 7 45 4 78 2
1002 101 4 70 4 81 5 52 4
1002 101 4 68 7 57 5 84 7
1002 101 4 47 7 15 2 7 4
1002 101 4 48 2 55 3 73 7
1002 101 4 68 7 41 6 40 5
1002 101 4 10 6 60 4 85 3
1002 101 4 48 4 9 7 61 3
1002 101 4 13 0 26 0 64 0
1002 101 4 47 7 56 4 1 5
1002 101 4 38 7 71 4 61 2
1002 101 4 68 7 13 1 42 2
1002 101 4 50 4 7 3 1 5
1002 101 4 70 4 16 7 73 2
1002 101 4 25 7 19 6 57 2
1002 101 4 10 7 78 3 95 3
1002 101 4 53 2 81 2 65 7
1002 101 4 19 5 25 4 68 2
1002 101 4 50 4 15 7 46 2
1002 101 4 55 2 94 4 70 4
1002 101 4 26 0 40 6 58 6
1002 101 4 47 7 10 5 45 5
1002 101 4 94 4 48 2 16 7
1002 101 4 11 6 88 2 44 2
1002 101 4 50 5 60 7 7 3
1002 101 4 81 0 87 0 48 7
1002 101 4 42 5 44 4 40 7
1002 101 4 50 7 56 4 10 2
1002 101 4 98 2 32 6 42 5
1002 101 4 47 5 95 3 78 2
1002 101 4 87 5 65 2 61 4
1002 101 4 11 6 25 4 40 5
1002 101 4 50 7 95 3 56 2
1002 101 4 38 4 53 7 73 7
1002 101 4 13 0 49 6 64 0
1002 101 4 78 7 60 7 56 3
1002 101 4 38 7 53 7 70 4
1002 101 4 57 5 88 5 11 0
1002 101 4 50 7 85 3 10 5
1002 101 4 94 4 61 3 52 4
1002 101 4 25 0 32 6 49 5
1002 101 4 50 4 95 3 47 5
1002 101 4 55 3 38 3 53 2
1002 101 4 40 2 17 1 42 5
1002 101 4 7 2 15 2 1 4
1002 101 4 53 7 55 3 48 7
1002 101 4 98 3 40 6 26 0
1002 101 4 56 2 50 7 7 2
1002 101 4 16 3 38 4 65 2
1002 101 4 84 7 88 2 42 5
1002 101 4 23 6 46 0 15 7
1002 101 4 38 2 81 2 55 7
1002 101 4 42 2 26 0 57 2
1002 101 4 60 7 46 0 78 2
1002 101 4 16 4 61 2 53 2
1002 101 4 42 2 99 4 32 7
1002 101 4 45 6 20 3 7 2
1002 101 4 87 5 48 4 71 4
1002 101 4 98 7 49 5 11 0
1002 101 4 78 7 47 5 56 7
1002 101 4 16 2 38 7 71 4
1002 101 4 68 2 49 5 57 2
1002 101 4 50 4 7 3 56 4
1002 101 4 55 7 94 4 9 3
1002 101 4 98 1 88 5 40 6
1002 101 4 23 2 47 5 46 7
1002 101 4 52 4 53 7 55 4
1002 101 4 41 0 40 6 88 7
1002 101 4 95 3 78 2 23 2
1002 101 4 81 5 65 2 87 0
1002 101 4 42 5 84 7 88 7
1002 101 4 7 5 60 7 56 3
1002 101 4 65 3 16 7 48 4
1002 101 4 49 6 41 6 99 1
1002 101 4 45 2 23 7 7 4
1002 101 4 52 7 87 0 55 4
1002 101 4 41 0 19 7 84 7
1002 101 4 20 6 85 5 78 7
1002 101 4 38 7 70 4 61 2
1002 101 4 44 5 32 6 26 0
1002 101 4 85 5 1 2 45 6
1002 101 4 53 2 94 4 16 5
1002 101 4 84 0 44 6 41 6
1002 101 4 47 2 85 2 23 6
1002 101 4 61 2 94 4 65 7
1002 101 4 58 5 57 5 64 2
1002 101 4 60 4 95 4 20 6
1002 101 4 38 2 48 2 81 5
1002 101 4 98 7 32 6 58 7
1002 101 4 23 6 95 3 10 1
1002 101 4 53 7 81 7 65 7
1002 101 4 57 5 26 1 25 5
1002 101 4 78 5 56 3 45 7
1002 101 4 81 6 9 3 65 3
1002 101 4 49 2 11 6 44 6
1002 101 4 10 0 85 2 46 2
1002 101 4 73 7 48 7 81 0
1002 101 4 98 3 19 6 25 7
1002 101 4 15 7 23 7 47 2
1002 101 4 55 3 48 4 61 2
1002 101 4 17 0 44 6 49 2
1002 101 4 45 7 10 6 1 5
1002 101 4 38 7 61 3 53 7
1002 101 4 17 0 49 5 58 7
1002 101 4 23 7 1 6 85 5
1002 101 4 16 2 73 3 87 5
1002 101 4 41 2 40 5 68 7
1002 101 4 85 5 46 0 1 4
1002 101 4 53 2 61 4 65 4
1002 101 4 98 7 92 1 19 0
1002 101 4 85 5 60 2 78 4
1002 101 4 73 3 53 7 48 4
1002 101 4 44 6 32 2 58 2
1002 101 4 50 7 23 6 15 6
1002 101 4 61 4 71 4 9 3
1002 101 4 11 6 40 7 58 6
1002 101 4 45 7 23 7 95 3
1002 101 4 52 7 9 3 87 5
1002 101 4 49 2 84 0 64 0
1002 101 4 1 6 7 5 56 3
1002 101 4 48 2 70 4 65 2
1002 101 4 44 7 41 6 19 5
1002 101 4 78 5 23 2 56 4
1002 101 4 73 7 65 3 52 7
1002 101 4 98 4 44 6 49 6
1002 101 4 85 4 60 4 20 2
1002 101 4 52 2 94 4 70 4
1002 101 4 57 2 44 6 84 7
1002 101 4 10 5 60 2 45 4
1002 101 4 52 7 55 2 73 2
1002 101 4 44 0 42 5 19 0
1002 101 4 23 6 47 7 78 2
1002 101 4 9 2 48 2 70 4
1002 101 4 11 0 11 1 11 6
1002 101 4 13 1 13 0 13 1
1002 101 4 17 1 17 0 17 1
1002 101 4 19 0 19 2 19 7
1002 101 4 25 6 25 5 25 7
1002 101 4 26 0 26 6 26 1
1002 101 4 32 6 32 7 32 5
1002 101 4 40 5 40 6 40 2
1002 101 4 41 0 41 6 41 2
1002 101 4 42 5 42 2 42 5
1002 101 4 44 0 44 5 44 6
1002 101 4 49 5 49 7 49 2
1002 101 4 57 5 57 7 57 2
1002 101 4 58 2 58 5 58 7
1002 101 4 64 2 64 7 64 0
1002 101 4 68 2 68 0 68 7
1002 101 4 84 7 84 0 84 2
1002 101 4 88 5 88 7 88 2
1002 101 4 92 1 92 6 92 0
1002 101 4 98 4 98 1 98 2
1002 101 4 99 3 99 7 99 4
1002 101 4 1 2 1 7 1 6
1002 101 4 7 3 7 4 7 5
1002 101 4 10 7 10 2 10 1
1002 101 4 15 0 15 6 15 7
1002 101 4 20 2 20 7 20 3
1002 101 4 23 6 23 7 23 2
1002 101 4 45 5 45 2 45 7
1002 101 4 46 7 46 0 46 2
1002 101 4 47 7 47 5 47 2
1002 101 4 50 5 50 4 50 6
1002 101 4 56 7 56 3 56 4
1002 101 4 60 4 60 2 60 7
1002 101 4 78 4 78 7 78 3
1002 101 4 85 3 85 5 85 4
1002 101 4 95 3 95 4 95 3
1002 101 4 9 4 9 2 9 3
1002 101 4 16 2 16 3 16 7
1002 101 4 38 2 38 4 38 7
1002 101 4 48 4 48 7 48 2
1002 101 4 52 4 52 7 52 2
1002 101 4 53 7 53 2 53 7
1002 101 4 55 7 55 4 55 2
1002 101 4 61 4 61 2 61 7
1002 101 4 65 7 65 2 65 4
1002 101 4 70 4 70 4 70 4
1002 101 4 71 4 71 4 71 4
1002 101 4 73 2 73 7 73 4
1002 101 4 81 6 81 0 81 2
1002 101 4 87 2 87 7 87 5
1002 101 4 94 4 94 4 94 4
1002 101 4 13 0 68 0 41 0
1002 101 4 26 1 98 1 11 1
1002 101 4 84 2 57 2 41 2
1002 101 4 99 3 98 3 99 3
1002 101 4 98 4 99 4 44 4
1002 101 4 57 5 25 5 44 5
1002 101 4 49 6 25 6 92 6
1002 101 4 57 7 32 7 64 7
1002 101 4 46 0 15 0 10 0
1002 101 4 10 1 10 1 10 1
1002 101 4 15 2 78 2 47 2
1002 101 4 56 3 20 3 45 3
1002 101 4 1 4 7 4 60 4
1002 101 4 85 5 7 5 47 5
1002 101 4 45 6 56 6 20 6
1002 101 4 50 7 45 7 15 7
1002 101 4 81 0 87 0 81 0
1002 101 4 48 2 53 2 52 2
1002 101 4 16 3 65 3 73 3
1002 101 4 65 4 52 4 16 4
1002 101 4 87 5 16 5 81 5
1002 101 4 81 6 81 6 81 6
1002 101 4 52 7 65 7 48 7
1002 101 4 68 0 98 3 64 7
1002 101 4 10 2 15 2 45 5
1002 101 4 38 4 70 4 53 2
1002 101 4 58 6 25 7 44 7
1002 101 4 45 5 15 2 23 6
1002 101 4 38 2 87 7 61 2
1002 101 4 64 7 88 2 57 7
1002 101 4 7 4 15 0 23 2
1002 101 4 81 7 71 4 53 7
1002 101 4 68 2 49 2 64 7
1002 101 4 50 5 95 4 56 3
1002 101 4 53 7 71 4 48 7
1002 101 4 42 5 98 4 64 2
1002 101 4 78 7 20 2 50 5
1002 101 4 70 4 52 7 71 4
1002 101 4 19 2 49 5 88 5
1002 101 4 46 0 23 7 78 2
1002 101 4 94 4 53 2 16 5
1002 101 4 99 1 19 0 40 7
1002 101 4 50 5 7 5 85 3
1002 101 4 61 7 9 3 65 7
1002 101 4 17 1 88 5 19 5
1002 101 4 47 5 45 2 23 6
1002 101 4 87 5 70 4 9 7
1002 101 4 58 6 32 7 68 0
1002 101 4 20 2 47 7 60 2
1002 101 4 16 3 52 2 65 4
1002 101 4 57 5 92 0 26 1
1002 101 4 85 3 15 2 60 7
1002 101 4 61 7 48 4 94 4
1002 101 4 40 7 32 5 49 7
1002 101 4 78 7 45 5 23 6
1002 101 4 38 7 55 2 52 7
1002 101 4 57 5 98 1 19 2
1002 101 4 50 4 46 2 85 4
1002 101 4 81 5 9 7 65 2
1002 101 4 41 7 40 6 44 7
1002 101 4 46 7 45 5 95 3
1002 101 4 53 2 70 4 87 0
1002 101 4 49 5 58 6 42 5
1002 101 4 46 7 60 2 56 2
1002 101 4 52 2 48 2 16 2
1002 101 4 58 5 13 0 98 1
1002 101 4 56 2 60 2 15 6
1002 101 4 52 3 65 7 53 2
1002 101 4 25 4 42 5 68 2
1002 101 4 46 7 23 6 45 3
1002 101 4 16 2 94 4 52 4
1002 101 4 13 1 44 5 98 4
1002 101 4 7 3 47 2 85 3
1002 101 4 61 4 55 4 52 4
1002 101 4 11 1 57 2 26 6
1002 101 4 60 7 47 5 10 7
1002 101 4 55 4 94 4 70 4
1002 101 4 41 0 57 2 58 7
1002 101 4 15 0 1 2 23 2
1002 101 4 38 7 16 7 70 4
1002 101 4 17 0 88 7 42 5
1002 101 4 15 7 7 5 56 3
1002 101 4 70 4 48 2 53 7
1002 101 4 64 5 11 6 32 2
1002 101 4 45 5 56 3 15 2
1002 101 4 81 2 53 2 73 2
1002 101 4 41 0 99 1 98 2
1002 101 4 78 3 45 7 7 3
1002 101 4 9 7 71 4 94 4
1002 101 4 42 2 13 0 64 7
1002 101 4 20 7 15 0 60 7
1002 101 4 9 4 87 2 70 4
1002 101 4 32 2 58 6 49 2
1002 101 4 85 3 20 6 46 7
1002 101 4 52 7 9 2 81 0
1002 101 4 44 0 68 0 88 7
1002 101 4 10 1 23 7 7 3
1002 101 4 87 2 70 4 53 2
1002 101 4 57 2 11 6 17 0
1002 101 4 78 5 56 2 85 5
1002 101 4 70 4 81 6 65 3
1002 101 4 13 0 42 2 88 7
1002 101 4 20 7 56 7 47 5
1002 101 4 52 4 9 2 53 2
1002 101 4 40 7 99 4 26 1
1002 101 4 10 5 85 3 20 2
1002 101 4 81 2 55 3 94 4
1002 101 4 11 6 40 5 25 4
1002 101 4 56 7 78 7 47 5
1002 101 4 55 2 87 5 94 4
1002 101 4 11 6 58 5 40 2
1002 101 4 95 3 46 7 45 4
1002 101 4 48 7 53 2 73 2
1002 101 4 25 2 92 0 68 2
1002 101 4 47 2 85 3 10 5
1002 101 4 87 2 48 7 16 4
1002 101 4 99 7 44 6 88 2
1002 101 4 10 6 15 7 50 7
1002 101 4 48 2 53 2 65 3
1002 101 4 44 7 84 7 42 5
1002 101 4 10 1 56 6 20 3
1002 101 4 53 2 71 4 73 3
1002 101 4 11 1 17 1 26 0
1002 101 4 7 4 50 4 47 2
1002 101 4 81 5 55 7 61 7
1002 101 4 49 6 40 6 11 0
1002 101 4 85 3 47 5 15 6
1002 101 4 61 4 70 4 94 4
1002 101 4 84 0 58 7 41 6
1002 101 4 1 5 78 5 20 6
1002 101 4 55 4 38 4 61 7
1002 101 4 49 5 11 6 19 7
1002 101 4 56 2 15 2 50 7
1002 101 4 94 4 55 4 87 2
1002 101 4 64 5 99 1 25 4
1002 101 4 50 2 7 5 60 4
1002 101 4 81 7 73 2 71 4
1002 101 4 49 7 44 0 84 0
1002 101 4 85 4 45 6 46 2
1002 101 4 16 3 38 3 81 7
1002 101 4 49 6 99 7 58 6
1002 101 4 95 4 15 0 1 6
1002 101 4 81 5 48 7 65 4
1002 101 4 84 2 41 6 88 2
1002 101 4 45 2 1 3 47 7
1002 101 4 52 4 81 2 61 7
1002 101 4 42 5 92 0 58 2
1002 101 4 60 4 50 5 7 3
1002 101 4 16 5 48 7 87 0
1002 101 4 58 2 13 0 84 0
1002 101 4 78 3 7 3 60 4
1002 101 4 73 3 70 4 16 7
1002 101 4 41 6 58 5 19 7
1002 101 4 56 2 45 6 47 7
1002 101 4 94 4 87 7 71 4
1002 101 4 44 6 25 6 99 7
1002 101 4 78 5 95 3 45 7
1002 101 4 87 7 73 3 55 7
1002 101 4 40 6 58 5 11 6
1002 101 4 46 0 95 4 60 2
1002 101 4 38 3 70 4 87 0
1002 101 4 88 5 57 7 19 5
1002 101 4 23 7 95 3 20 7
1002 101 4 94 4 73 2 70 4
1002 101 4 57 2 19 0 68 7
1002 101 4 20 3 60 7 47 5
1002 101 4 55 3 16 3 73 3
1002 101 4 11 6 68 7 57 7
1002 101 4 85 2 78 4 46 0
1002 101 4 73 3 48 2 65 7
1002 101 4 99 7 64 5 98 7
1002 101 4 56 2 1 4 50 7
1002 101 4 65 2 71 4 9 4
1002 101 4 19 5 88 7 41 0
1002 101 4 85 5 45 4 20 2
1002 101 4 70 4 9 2 81 5
1002 101 4 99 1 41 6 92 0
1002 101 4 46 2 45 5 85 3
1002 101 4 53 7 55 4 48 7
1002 101 4 13 1 32 7 44 2
1002 101 4 85 4 45 3 23 2
1002 101 4 9 7 48 4 16 2
1002 101 4 57 5 25 7 26 1
1002 101 4 1 4 20 3 23 2
1002 101 4 16 5 94 4 38 7
1002 101 4 17 1 11 6 99 1
1002 101 4 56 4 20 7 50 7
1002 101 4 48 4 16 4 55 2
1002 101 4 25 7 17 0 84 7
1002 101 4 60 4 15 6 47 2
1002 101 4 81 6 48 4 73 2
1002 101 4 11 6 19 0 88 7
1002 101 4 85 5 1 3 10 6
1002 101 4 55 4 94 4 71 4
1002 101 4 32 2 42 5 17 0
1002 101 4 20 7 50 6 15 2
1002 101 4 52 2 48 2 94 4
1002 101 4 99 7 88 7 40 5
1002 101 4 47 7 56 6 7 2
1002 101 4 9 4 65 4 73 3
1002 101 4 84 0 25 2 64 5
1002 101 4 85 2 10 0 56 2
1002 101 4 87 7 48 2 16 7
1002 101 4 25 0 58 2 13 1
1002 101 4 45 4 85 2 78 4
1002 101 4 16 4 87 2 81 7
1002 101 4 88 5 26 6 44 4
1002 101 4 45 2 10 1 60 4
1002 101 4 55 3 52 2 48 7
1002 101 4 25 4 92 0 11 1
1002 101 4 15 2 47 7 50 4
1002 101 4 87 2 52 4 94 4
1002 101 4 99 7 42 2 84 2
1002 101 4 95 4 45 6 47 7
1002 101 4 70 4 38 7 73 7
1002 101 4 11 1 99 1 19 0
1002 101 4 60 2 85 3 20 3
1002 101 4 70 4 48 7 55 3
1002 101 4 58 2 17 1 42 2
1002 101 4 15 6 1 4 60 4
1002 101 4 52 4 65 4 73 3
1002 101 4 19 5 57 5 68 0
1002 101 4 10 5 1 4 20 7
1002 101 4 52 4 38 4 16 3
1002 101 4 17 1 99 3 92 0
1002 101 4 15 6 46 0 20 2
1002 101 4 38 4 87 2 48 4
1002 101 4 19 2 88 7 92 0
1002 101 4 23 7 7 2 60 2
1002 101 4 61 4 70 4 71 4
1002 101 4 99 4 57 2 44 7
1002 101 4 10 5 95 3 23 2
1002 101 4 16 7 73 4 48 4
1002 101 4 11 6 11 0 11 1
1002 101 4 13 0 13 1 13 0
1002 101 4 19 5 19 0 19 6
1002 101 4 25 7 25 4 25 6
1002 101 4 26 6 26 1 26 0
1002 101 4 32 6 32 7 32 2
1002 101 4 40 6 40 2 40 7
1002 101 4 41 2 41 6 41 7
1002 101 4 44 5 44 4 44 6
1002 101 4 49 2 49 7 49 6
1002 101 4 58 5 58 7 58 2
1002 101 4 64 5 64 7 64 2
1002 101 4 68 0 68 2 68 7
1002 101 4 84 7 84 2 84 0
1002 101 4 88 2 88 5 88 7
1002 101 4 92 1 92 0 92 6
1002 101 4 98 1 98 3 98 7
1002 101 4 99 2 99 4 99 7
1002 101 4 1 3 1 5 1 6
1002 101 4 7 3 7 4 7 2
1002 101 4 10 2 10 6 10 7
1002 101 4 15 6 15 7 15 0
1002 101 4 20 7 20 6 20 3
1002 101 4 45 3 45 6 45 2
1002 101 4 47 7 47 2 47 5
1002 101 4 50 7 50 2 50 6
1002 101 4 56 3 56 2 56 7
1002 101 4 60 2 60 4 60 7
1002 101 4 78 5 78 4 78 3
1002 101 4 85 3 85 4 85 2
1002 101 4 95 4 95 3 95 4
1002 101 4 9 2 9 3 9 7
1002 101 4 16 7 16 3 16 4
1002 101 4 38 3 38 4 38 2
1002 101 4 48 2 48 7 48 4
1002 101 4 52 7 52 3 52 2
1002 101 4 53 2 53 7 53 2
1002 101 4 55 2 55 3 55 7
1002 101 4 65 3 65 2 65 7
1002 101 4 73 3 73 2 73 4
1002 101 4 81 0 81 7 81 5
1002 101 4 11 0 17 0 92 0
1002 101 4 26 1 13 1 17 1
1002 101 4 40 2 98 2 64 2
1002 101 4 98 3 99 3 98 3
1002 101 4 25 4 99 4 98 4
1002 101 4 42 5 49 5 44 5
1002 101 4 58 6 19 6 25 6
1002 101 4 68 7 57 7 64 7
1002 101 4 46 0 10 0 15 0
1002 101 4 85 2 47 2 10 2
1002 101 4 85 3 7 3 20 3
1002 101 4 7 4 50 4 56 4
1002 101 4 1 5 45 5 47 5
1002 101 4 10 6 50 6 20 6
1002 101 4 78 7 1 7 56 7
1002 101 4 87 0 81 0 87 0
1002 101 4 61 2 55 2 48 2
1002 101 4 52 3 73 3 38 3
1002 101 4 9 4 16 4 94 4
1002 101 4 16 5 87 5 81 5
1002 101 4 87 7 73 7 9 7
1002 101 4 25 5 13 0 88 2
1002 101 4 60 2 47 2 45 6
1002 101 4 65 3 73 3 70 4
1002 101 4 64 7 98 1 13 0
1002 101 4 20 2 46 7 7 2
1002 101 4 65 4 94 4 52 4
1002 101 4 13 1 84 0 40 6
1002 101 4 60 2 1 2 56 6
1002 101 4 71 4 70 4 87 5
1002 101 4 49 7 17 0 42 5
1002 101 4 56 6 85 2 46 0
1002 101 4 94 4 38 4 61 2
1002 101 4 88 2 49 2 57 5
1002 101 4 85 4 56 4 46 7
1002 101 4 61 4 9 2 48 4
1002 101 4 11 6 40 5 99 1
1002 101 4 78 4 10 0 50 6
1002 101 4 94 4 16 7 9 3
1002 101 4 88 7 41 7 26 1
1002 101 4 20 7 60 2 50 4
1002 101 4 94 4 65 3 87 7
1002 101 4 41 2 42 5 92 0
1002 101 4 46 2 45 4 56 4
1002 101 4 55 2 9 7 65 4
1002 101 4 68 0 99 3 13 1
1002 101 4 15 0 78 5 85 2
1002 101 4 65 7 48 4 70 4
1002 101 4 57 7 68 0 41 6
1002 101 4 47 7 10 0 7 2
1002 101 4 48 4 52 3 9 2
1002 101 4 42 2 88 7 64 7
1002 101 4 7 3 50 5 15 0
1002 101 4 73 4 38 3 53 7
1002 101 4 32 6 44 5 13 1
1002 101 4 50 6 15 7 95 3
1002 101 4 55 3 61 4 38 4
1002 101 4 99 7 25 2 92 1
1002 101 4 15 0 50 4 78 5
1002 101 4 52 7 87 0 70 4
1002 101 4 17 1 84 7 32 7
1002 101 4 23 6 45 6 95 3
1002 101 4 70 4 87 7 61 7
1002 101 4 44 0 25 6 19 2
1002 101 4 20 3 45 7 56 4
1002 101 4 38 2 73 7 55 7
1002 101 4 92 6 11 0 19 5
1002 101 4 7 4 78 3 20 6
1002 101 4 16 3 87 0 38 2
1002 101 4 19 2 92 6 98 2
1002 101 4 50 2 10 7 46 2
1002 101 4 65 4 87 2 81 7
1002 101 4 84 7 98 2 17 1
1002 101 4 56 6 95 4 1 3
1002 101 4 53 2 71 4 65 4
1002 101 4 32 6 44 6 41 6
1002 101 4 46 2 47 5 15 6
1002 101 4 53 7 16 3 81 2
1002 101 4 68 7 19 0 64 5
1002 101 4 85 3 7 2 20 3
1002 101 4 38 2 65 3 87 0
1002 101 4 41 0 13 1 11 1
1002 101 4 7 2 45 6 47 7
1002 101 4 94 4 55 7 65 2
1002 101 4 49 5 42 5 11 1
1002 101 4 78 4 85 3 46 0
1002 101 4 16 7 87 0 70 4
1002 101 4 49 5 17 0 13 0
1002 101 4 78 4 10 0 20 6
1002 101 4 94 4 38 3 71 4
1002 101 4 40 2 11 1 98 1
1002 101 4 56 3 45 7 85 3
1002 101 4 94 4 55 4 70 4
1002 101 4 88 5 92 0 40 6
1002 101 4 47 2 56 4 1 3
1002 101 4 53 7 55 7 70 4
1002 101 4 88 2 41 0 44 2
1002 101 4 46 0 20 3 45 7
1002 101 4 48 7 94 4 52 7
1002 101 4 25 0 92 0 99 7
1002 101 4 85 5 10 0 20 2
1002 101 4 9 7 87 0 81 0
1002 101 4 42 5 98 7 57 7
1002 101 4 47 2 45 4 23 2
1002 101 4 61 2 70 4 55 2
1002 101 4 40 2 42 5 32 6
1002 101 4 1 5 78 4 85 5
1002 101 4 48 7 70 4 16 7
1002 101 4 13 1 17 0 26 0
1002 101 4 20 6 45 4 15 7
1002 101 4 81 2 16 7 48 4
1002 101 4 26 0 19 5 13 0
1002 101 4 60 2 95 4 45 2
1002 101 4 52 2 70 4 73 4
1002 101 4 26 6 13 1 98 4
1002 101 4 20 7 60 2 46 7
1002 101 4 16 7 87 2 70 4
1002 101 4 26 1 92 0 57 2
1002 101 4 85 4 20 7 95 4
1002 101 4 94 4 16 7 38 2
1002 101 4 13 0 99 3 42 2
1002 101 4 47 5 50 5 45 3
1002 101 4 65 7 16 5 81 0
1002 101 4 92 1 88 7 32 5
1002 101 4 10 1 85 3 95 4
1002 101 4 38 2 55 3 71 4
1002 101 4 99 2 13 0 49 2
1002 101 4 56 2 10 1 7 3
1002 101 4 55 7 61 3 65 7
1002 101 4 41 6 92 0 42 2
1002 101 4 15 0 85 5 56 6
1002 101 4 48 7 9 3 55 7
1002 101 4 11 1 26 1 88 2
1002 101 4 10 7 23 2 56 4
1002 101 4 9 7 81 2 94 4
1002 101 4 25 5 26 0 88 2
1002 101 4 85 3 47 5 50 7
1002 101 4 81 7 73 4 48 7
1002 101 4 11 6 41 7 17 1
1002 101 4 95 3 56 2 15 0
1002 101 4 61 7 52 3 9 4
1002 101 4 11 1 13 1 84 0
1002 101 4 23 7 46 2 45 4
1002 101 4 53 7 81 7 38 2
1002 101 4 58 5 11 1 13 1
1002 101 4 45 6 10 1 15 2
1002 101 4 52 3 61 3 81 2
1002 101 4 26 1 57 5 32 7
1002 101 4 47 2 1 4 46 0
1002 101 4 87 2 52 4 81 0
1002 101 4 26 0 19 2 41 0
1002 101 4 15 0 7 2 45 3
1002 101 4 16 4 48 7 73 3
1002 101 4 13 1 98 3 25 4
1002 101 4 1 5 47 7 46 2
1002 101 4 87 5 38 2 52 4
1002 101 4 64 7 19 2 25 4
1002 101 4 56 3 20 2 45 3
1002 101 4 73 7 53 2 87 5
1002 101 4 32 5 42 5 41 0
1002 101 4 46 2 95 4 56 4
1002 101 4 70 4 9 3 81 2
1002 101 4 58 7 11 1 42 5
1002 101 4 46 0 47 5 78 7
1002 101 4 87 5 53 7 81 0
1002 101 4 49 5 13 1 99 3
1002 101 4 56 6 15 7 7 3
1002 101 4 48 2 73 3 71 4
1002 101 4 25 0 49 7 98 2
1002 101 4 15 2 23 7 20 3
1002 101 4 70 4 61 3 53 7
1002 101 4 44 6 26 0 99 7
1002 101 4 50 4 7 3 45 2
1002 101 4 9 2 94 4 53 7
1002 101 4 40 5 88 5 25 6
1002 101 4 7 4 45 6 20 7
1002 101 4 73 2 70 4 81 0
1002 101 4 88 7 57 2 40 2
1002 101 4 45 2 85 3 95 3
1002 101 4 55 2 61 3 71 4
1002 101 4 26 0 84 2 88 5
1002 101 4 60 7 15 7 47 2
1002 101 4 71 4 38 4 70 4
1002 101 4 99 1 98 1 84 0
1002 101 4 46 7 47 7 60 2
1002 101 4 38 3 94 4 70 4
1002 101 4 64 2 84 0 57 5
1002 101 4 15 0 95 4 45 3
1002 101 4 94 4 71 4 70 4
1002 101 4 84 2 26 6 92 6
1002 101 4 23 2 10 6 1 6
1002 101 4 87 2 9 3 52 4
1002 101 4 58 6 40 6 42 2
1002 101 4 56 2 7 2 10 2
1002 101 4 55 4 81 5 94 4
1002 101 4 13 1 19 2 44 6
1002 101 4 20 7 23 2 56 6
1002 101 4 87 0 65 4 16 3
1002 101 4 41 2 64 2 92 0
1002 101 4 95 4 10 5 23 6
1002 101 4 81 6 94 4 70 4
1002 101 4 19 6 25 4 42 2
1002 101 4 23 2 20 3 56 6
1002 101 4 9 3 38 7 61 3
1002 101 4 88 7 98 2 25 5
1002 101 4 46 0 23 6 60 7
1002 101 4 87 0 53 2 94 4
1002 101 4 44 2 84 7 64 7
1002 101 4 56 7 15 2 60 7
1002 101 4 48 2 52 2 9 4
1002 101 4 88 5 40 6 98 4
1002 101 4 1 6 47 2 23 6
1002 101 4 9 7 87 7 71 4
1002 101 4 98 3 13 1 32 6
1002 101 4 60 2 47 5 95 3
1002 101 4 65 7 87 7 53 2
1002 101 4 84 2 40 5 44 7
1002 101 4 95 4 46 7 7 3
1002 101 4 9 2 55 2 53 2
1002 101 4 13 0 42 2 25 4
1002 101 4 85 4 78 7 95 3
1002 101 4 48 2 73 3 94 4
1002 101 4 98 4 26 1 25 5
1002 101 4 23 2 60 4 20 7
1002 101 4 52 4 71 4 87 5
1002 101 4 11 0 98 7 41 2
1002 101 4 85 5 56 6 20 7
1002 101 4 61 7 65 7 16 3
1002 101 4 41 2 99 2 68 2
1002 101 4 46 0 56 2 1 2
1002 101 4 61 2 16 4 55 3
1002 101 4 19 0 19 6 19 2
1002 101 4 25 2 25 4 25 6
1002 101 4 26 6 26 0 26 1
1002 101 4 32 6 32 2 32 5
1002 101 4 40 6 40 5 40 2
1002 101 4 41 2 41 7 41 0
1002 101 4 42 2 42 5 42 2
1002 101 4 44 0 44 6 44 2
1002 101 4 49 5 49 2 49 6
1002 101 4 58 7 58 5 58 2
1002 101 4 64 0 64 7 64 5
1002 101 4 84 2 84 7 84 0
1002 101 4 88 2 88 7 88 5
1002 101 4 98 7 98 3 98 2
1002 101 4 1 4 1 3 1 7
1002 101 4 10 6 10 2 10 0
1002 101 4 15 7 15 2 15 6
1002 101 4 20 7 20 2 20 3
1002 101 4 45 4 45 3 45 7
1002 101 4 46 2 46 7 46 0
1002 101 4 50 4 50 6 50 2
1002 101 4 56 6 56 7 56 2
1002 101 4 60 7 60 2 60 4
1002 101 4 78 7 78 3 78 5
1002 101 4 85 5 85 3 85 2
1002 101 4 9 4 9 2 9 7
1002 101 4 16 7 16 2 16 5
1002 101 4 38 4 38 7 38 2
1002 101 4 48 2 48 4 48 7
1002 101 4 52 7 52 4 52 3
1002 101 4 55 2 55 3 55 4
1002 101 4 61 3 61 2 61 7
1002 101 4 65 7 65 4 65 3
1002 101 4 73 2 73 7 73 3
1002 101 4 81 5 81 7 81 2
1002 101 4 87 5 87 2 87 7
1002 101 4 17 0 92 0 19 0
1002 101 4 26 1 11 1 98 1
1002 101 4 58 2 84 2 19 2
1002 101 4 25 4 98 4 44 4
1002 101 4 25 5 57 5 32 5
1002 101 4 58 6 25 6 92 6
1002 101 4 64 7 19 7 32 7
1002 101 4 10 0 15 0 46 0
1002 101 4 15 2 50 2 46 2
1002 101 4 7 3 85 3 45 3
1002 101 4 7 4 45 4 95 4
1002 101 4 78 5 50 5 45 5
1002 101 4 45 6 20 6 15 6
1002 101 4 78 7 46 7 23 7
1002 101 4 87 2 61 2 52 2
1002 101 4 9 3 61 3 38 3
1002 101 4 71 4 55 4 52 4
1002 101 4 81 5 87 5 16 5
1002 101 4 73 7 81 7 65 7
1002 101 4 19 7 25 5 42 2
1002 101 4 85 3 7 5 47 5
1002 101 4 73 3 38 2 87 5
1002 101 4 88 5 92 1 49 2
1002 101 4 7 4 1 2 56 6
1002 101 4 48 2 73 7 53 7
1002 101 4 98 3 88 2 68 0
1002 101 4 60 7 15 7 10 7
1002 101 4 70 4 55 4 65 4
1002 101 4 25 6 41 0 57 5
1002 101 4 56 4 1 3 50 4
1002 101 4 81 2 48 4 16 3
1002 101 4 13 1 84 7 19 0
1002 101 4 78 2 50 6 23 6
1002 101 4 87 2 70 4 38 3
1002 101 4 68 7 32 7 49 5
1002 101 4 78 5 47 5 60 7
1002 101 4 81 7 48 4 38 2
1002 101 4 11 1 42 5 88 5
1002 101 4 46 2 50 7 85 4
1002 101 4 16 5 94 4 48 2
1002 101 4 44 7 17 1 42 5
1002 101 4 15 0 85 3 7 2
1002 101 4 48 7 38 3 73 3
1002 101 4 25 2 13 0 84 2
1002 101 4 1 5 78 4 10 2
1002 101 4 38 2 71 4 61 2
1002 101 4 11 1 84 2 26 0
1002 101 4 1 6 47 2 23 2
1002 101 4 71 4 94 4 48 4
1002 101 4 17 1 49 5 92 0
1002 101 4 10 2 20 6 85 2
1002 101 4 53 2 16 3 52 3
1002 101 4 44 4 99 3 88 2
1002 101 4 20 7 1 7 45 3
1002 101 4 94 4 70 4 48 4
1002 101 4 49 7 42 2 58 2
1002 101 4 85 5 60 2 23 6
1002 101 4 53 7 52 7 48 7
1002 101 4 64 5 11 1 44 7
1002 101 4 56 2 50 5 85 4
1002 101 4 61 2 65 3 70 4
1002 101 4 40 6 99 4 11 1
1002 101 4 10 0 50 6 85 3
1002 101 4 38 3 9 3 73 4
1002 101 4 19 6 57 2 68 0
1002 101 4 95 3 46 2 1 7
1002 101 4 38 2 16 2 61 3
1002 101 4 49 7 64 5 84 7
1002 101 4 23 2 56 6 95 4
1002 101 4 71 4 94 4 9 7
1002 101 4 49 7 99 1 32 7
1002 101 4 7 4 45 6 20 2
1002 101 4 55 3 87 2 81 0
1002 101 4 57 7 25 0 40 2
1002 101 4 10 0 56 2 60 2
1002 101 4 48 2 9 7 87 0
1002 101 4 11 0 57 7 88 5
1002 101 4 1 5 45 2 23 7
1002 101 4 53 2 73 7 65 3
1002 101 4 88 7 26 6 40 7
1002 101 4 56 7 20 7 47 7
1002 101 4 94 4 53 2 38 2
1002 101 4 26 1 92 1 19 6
1002 101 4 95 3 7 5 46 0
1002 101 4 71 4 87 0 94 4
1002 101 4 32 6 17 1 44 5
1002 101 4 15 0 47 2 20 3
1002 101 4 55 3 52 7 9 4
1002 101 4 98 3 88 2 57 5
1002 101 4 56 4 47 7 7 3
1002 101 4 94 4 61 7 16 3
1002 101 4 98 7 99 4 49 5
1002 101 4 56 4 78 7 7 5
1002 101 4 94 4 71 4 87 0
1002 101 4 26 6 40 7 68 2
1002 101 4 47 5 15 2 23 7
1002 101 4 87 5 48 2 52 4
1002 101 4 26 0 40 5 58 5
1002 101 4 56 6 60 2 45 6
1002 101 4 52 7 53 2 61 4
1002 101 4 68 2 58 2 88 7
1002 101 4 46 2 60 2 78 7
1002 101 4 65 7 61 4 87 2
1002 101 4 42 2 17 0 98 7
1002 101 4 47 7 1 7 95 4
1002 101 4 94 4 55 3 73 2
1002 101 4 25 6 58 2 19 6
1002 101 4 47 5 46 7 15 6
1002 101 4 61 7 71 4 94 4
1002 101 4 84 7 64 0 13 1
1002 101 4 45 3 20 6 1 2
1002 101 4 48 4 9 3 38 7
1002 101 4 68 2 58 6 98 7
1002 101 4 78 7 50 7 15 6
1002 101 4 55 4 9 4 71 4
1002 101 4 41 0 32 6 64 0
1002 101 4 15 7 60 7 56 2
1002 101 4 38 3 55 7 53 2
1002 101 4 32 5 98 1 92 6
1002 101 4 50 5 85 3 1 5
1002 101 4 16 7 48 2 9 4
1002 101 4 49 2 88 2 40 6
1002 101 4 46 0 78 3 45 4
1002 101 4 73 4 52 7 65 3
1002 101 4 25 5 42 2 64 7
1002 101 4 15 7 50 5 7 4
1002 101 4 73 7 87 0 9 7
1002 101 4 49 5 92 1 32 2
1002 101 4 95 4 15 6 85 3
1002 101 4 52 2 48 7 38 3
1002 101 4 40 7 58 7 13 0
1002 101 4 45 5 1 6 46 2
1002 101 4 52 2 70 4 48 7
1002 101 4 42 5 99 1 49 2
1002 101 4 95 4 7 4 20 7
1002 101 4 94 4 48 4 71 4
1002 101 4 44 0 92 1 17 1
1002 101 4 15 7 45 3 7 4
1002 101 4 81 7 70 4 52 3
1002 101 4 49 5 84 7 25 2
1002 101 4 56 3 15 6 45 6
1002 101 4 48 7 94 4 52 2
1002 101 4 42 2 64 0 92 0
1002 101 4 78 3 20 6 85 5
1002 101 4 61 3 71 4 70 4
1002 101 4 26 6 84 7 99 1
1002 101 4 50 5 20 2 1 7
1002 101 4 16 2 55 3 94 4
1002 101 4 41 6 88 2 57 7
1002 101 4 20 7 1 7 15 6
1002 101 4 65 2 73 4 87 2
1002 101 4 25 6 42 2 44 6
1002 101 4 1 6 10 6 15 2
1002 101 4 70 4 71 4 61 7
1002 101 4 99 3 19 5 57 7
1002 101 4 95 3 85 4 10 7
1002 101 4 70 4 71 4 52 3
1002 101 4 92 6 19 0 26 1
1002 101 4 56 6 15 7 78 3
1002 101 4 65 3 71 4 61 3
1002 101 4 40 5 41 2 99 3
1002 101 4 1 7 60 4 23 7
1002 101 4 52 7 81 2 73 2
1002 101 4 25 0 26 0 17 0
1002 101 4 7 5 15 2 56 7
1002 101 4 70 4 81 5 61 2
1002 101 4 57 5 17 1 64 2
1002 101 4 1 3 45 6 50 2
1002 101 4 9 4 65 7 53 2
1002 101 4 25 4 40 6 26 6
1002 101 4 95 3 15 2 78 3
1002 101 4 65 2 71 4 16 4
1002 101 4 49 2 64 0 98 2
1002 101 4 23 7 56 6 1 3
1002 101 4 9 7 94 4 61 3
1002 101 4 17 0 40 5 84 7
1002 101 4 47 5 85 4 20 7
1002 101 4 87 0 81 2 70 4
1002 101 4 41 2 13 0 57 5
1002 101 4 50 6 7 3 20 2
1002 101 4 61 4 73 4 87 7
1002 101 4 84 7 92 1 99 3
1002 101 4 50 4 45 6 46 0
1002 101 4 73 2 71 4 38 2
1002 101 4 17 1 68 0 88 7
1002 101 4 23 2 78 7 46 2
1002 101 4 16 3 81 5 87 5
1002 101 4 11 6 98 7 13 1
1002 101 4 47 7 20 6 23 7
1002 101 4 87 5 16 4 81 7
1002 101 4 41 6 42 2 11 0
1002 101 4 23 2 45 4 15 6
1002 101 4 70 4 53 7 48 7
1002 101 4 11 6 41 0 17 0
1002 101 4 20 7 60 2 47 5
1002 101 4 55 7 9 4 71 4
1002 101 4 92 1 11 0 32 5
1002 101 4 1 5 95 4 23 6
1002 101 4 65 3 48 7 53 2
