1008 101 4 1002 4 19 0 84 7
1008 101 4 1002 4 60 4 85 2
1008 101 4 1002 4 17 0 49 2
1008 101 4 1002 4 85 2 45 4
1008 101 4 1002 4 47 7 50 4
1008 101 4 1002 4 60 2 20 2
1008 101 4 1002 4 49 7 44 0
1008 101 4 1002 4 78 7 15 6
1008 101 4 1002 4 11 6 84 2
1008 101 4 1002 4 15 0 10 6
1008 101 4 1002 4 44 0 64 2
1008 101 4 1002 4 78 2 1 7
1008 101 4 1002 4 19 7 42 2
1008 101 4 1002 4 20 3 7 4
1008 101 4 1002 4 99 7 49 6
1008 101 4 1002 4 47 7 7 4
1008 101 4 1002 4 20 3 78 7
1008 101 4 1002 4 1 4 56 3
1008 101 4 1002 4 42 2 92 1
1008 101 4 1002 4 7 4 85 3
1008 101 4 1002 4 19 7 68 7
1008 101 4 1002 4 85 2 45 7
1008 101 4 1002 4 32 7 11 1
1008 101 4 1002 4 47 7 1 4
1008 101 4 1002 4 47 7 60 7
1008 101 4 1002 4 17 0 32 7
1008 101 4 1002 4 47 7 45 3
1008 101 4 1002 4 7 4 47 7
1008 101 4 1002 4 99 2 13 1
1008 101 4 1002 4 10 1 56 2
1008 101 4 1002 4 40 6 17 0
1008 101 4 1002 4 7 2 45 6
1008 101 4 1002 4 58 2 92 1
1008 101 4 1002 4 7 3 47 7
1008 101 4 1002 4 17 0 11 1
1008 101 4 1002 4 50 7 15 7
1008 101 4 1002 4 32 7 13 1
1008 101 4 1002 4 42 2 40 6
1008 101 4 1002 4 1 7 78 3
1008 101 4 1002 4 50 6 7 4
1008 101 4 1002 4 58 2 68 7
1008 101 4 1002 4 78 2 50 2
1008 101 4 1002 4 44 0 19 6
1008 101 4 1002 4 49 2 13 1
1008 101 4 1002 4 10 1 78 3
1008 101 4 1002 4 13 1 40 6
1008 101 4 1002 4 50 6 56 2
1008 101 4 1002 4 13 0 40 2
1008 101 4 1002 4 20 2 50 6
1008 101 4 1002 4 7 2 20 3
1008 101 4 1002 4 32 2 49 2
1008 101 4 1002 4 56 3 20 6
1008 101 4 1002 4 32 7 42 2
1008 101 4 1002 4 50 7 85 2
1008 101 4 1002 4 44 0 58 2
1008 101 4 1002 4 56 7 85 3
1008 101 4 1002 4 44 0 42 2
1008 101 4 1002 4 10 2 1 4
1008 101 4 1002 4 99 7 40 6
1008 101 4 1002 4 1 4 10 2
1008 101 4 1002 4 68 7 44 0
1008 101 4 1002 4 56 7 47 7
1008 101 4 1002 4 42 2 40 2
1008 101 4 1002 4 11 1 19 6
1008 101 4 1002 4 45 7 50 2
1008 101 4 1002 4 68 7 11 0
1008 101 4 1002 4 78 7 56 6
1008 101 4 1002 4 32 7 19 0
1008 101 4 1002 4 85 2 7 2
1008 101 4 1002 4 26 6 99 1
1008 101 4 1002 4 17 0 64 0
1008 101 4 1002 4 7 3 50 7
1008 101 4 1002 4 92 6 11 1
1008 101 4 1002 4 7 3 78 7
1008 101 4 1002 4 13 0 44 0
1008 101 4 1002 4 45 2 1 6
1008 101 4 1002 4 44 0 99 4
1008 101 4 1002 4 44 0 19 0
1008 101 4 1002 4 50 7 47 7
1008 101 4 1002 4 11 0 17 0
1008 101 4 1002 4 1 6 45 2
1008 101 4 1002 4 44 0 49 7
1008 101 4 1002 4 44 0 49 2
1008 101 4 1002 4 50 2 15 7
1008 101 4 1002 4 47 7 15 6
1008 101 4 1002 4 99 1 64 7
1008 101 4 1002 4 78 3 45 7
1008 101 4 1002 4 32 2 11 1
1008 101 4 1002 4 56 7 10 7
1008 101 4 1002 4 13 1 26 6
1008 101 4 1002 4 56 3 47 7
1008 101 4 1002 4 56 7 10 0
1008 101 4 1002 4 58 6 49 2
1008 101 4 1002 4 44 0 11 6
1008 101 4 1002 4 56 7 20 7
1008 101 4 1002 4 26 0 13 1
1008 101 4 1002 4 85 3 15 2
1008 101 4 1002 4 68 7 58 6
1008 101 4 1002 4 47 7 50 2
1008 101 4 1002 4 42 2 64 7
1008 101 4 1002 4 20 2 78 3
1008 101 4 1002 4 26 1 68 7
1008 101 4 1002 4 60 4 20 6
1008 101 4 1002 4 58 7 49 2
1008 101 4 1002 4 50 2 47 7
1008 101 4 1002 4 42 2 68 7
1008 101 4 1002 4 47 7 45 6
1008 101 4 1002 4 19 0 49 7
1008 101 4 1002 4 15 2 45 4
1008 101 4 1002 4 42 2 99 1
1008 101 4 1002 4 40 2 68 7
1008 101 4 1002 4 13 0 19 7
1008 101 4 1002 4 10 0 78 3
1008 101 4 1002 4 99 4 32 2
1008 101 4 1002 4 13 0 17 0
1008 101 4 1002 4 19 6 92 1
1008 101 4 1002 4 7 4 10 6
1008 101 4 1002 4 84 0 17 0
1008 101 4 1002 4 7 2 1 4
1008 101 4 1002 4 99 2 19 0
1008 101 4 1002 4 10 7 56 3
1008 101 4 1002 4 64 2 84 2
1008 101 4 1002 4 78 3 10 6
1008 101 4 1002 4 11 6 26 1
1008 101 4 1002 4 56 2 1 4
1008 101 4 1002 4 92 1 13 1
1008 101 4 1002 4 20 3 45 4
1008 101 4 1002 4 19 7 13 1
1008 101 4 1002 4 15 7 47 7
1008 101 4 1002 4 99 7 40 2
1008 101 4 1002 4 50 4 47 7
1008 101 4 1002 4 92 0 49 7
1008 101 4 1002 4 42 2 49 2
1008 101 4 1002 4 1 7 10 1
1008 101 4 1002 4 17 0 40 2
1008 101 4 1002 4 60 4 50 7
1008 101 4 1002 4 64 0 42 2
1008 101 4 1002 4 7 2 47 7
1008 101 4 1002 4 32 2 42 2
1008 101 4 1002 4 50 6 10 2
1008 101 4 1002 4 92 0 84 7
1008 101 4 1002 4 1 4 60 2
1008 101 4 1002 4 58 6 92 1
1008 101 4 1002 4 56 2 47 7
1008 101 4 1002 4 58 6 17 0
1008 101 4 1002 4 85 3 78 3
1008 101 4 1002 4 58 7 40 6
1008 101 4 1002 4 78 2 85 3
1008 101 4 1002 4 49 2 19 7
1008 101 4 1002 4 7 3 85 2
1008 101 4 1002 4 44 0 26 1
1008 101 4 1002 4 15 2 1 4
1008 101 4 1002 4 13 0 32 7
1008 101 4 1002 4 45 2 78 7
1008 101 4 1002 4 99 3 32 7
1008 101 4 1002 4 40 2 64 7
1008 101 4 1002 4 60 2 20 6
1008 101 4 1002 4 13 1 44 0
1008 101 4 1002 4 56 6 7 2
1008 101 4 1002 4 45 6 10 6
1008 101 4 1002 4 13 1 40 2
1008 101 4 1002 4 60 7 7 3
1008 101 4 1002 4 19 6 42 2
1008 101 4 1002 4 1 7 85 3
1008 101 4 1002 4 19 6 64 2
1008 101 4 1002 4 40 6 49 2
1008 101 4 1002 4 47 7 45 4
1008 101 4 1002 4 92 1 99 3
1008 101 4 1002 4 13 0 11 1
1008 101 4 1002 4 20 2 85 3
1008 101 4 1002 4 64 7 99 2
1008 101 4 1002 4 56 7 50 7
1008 101 4 1002 4 84 7 40 6
1008 101 4 1002 4 60 7 10 7
1008 101 4 1002 4 17 0 17 0
1008 101 4 1002 4 26 0 26 1
1008 101 4 1002 4 40 6 40 2
1008 101 4 1002 4 42 2 42 2
1008 101 4 1002 4 44 0 44 0
1008 101 4 1002 4 58 7 58 6
1008 101 4 1002 4 68 7 68 7
1008 101 4 1002 4 92 1 92 0
1008 101 4 1002 4 99 7 99 3
1008 101 4 1002 4 1 3 1 6
1008 101 4 1002 4 20 3 20 2
1008 101 4 1002 4 45 2 45 7
1008 101 4 1002 4 47 7 47 7
1008 101 4 1002 4 50 6 50 7
1008 101 4 1002 4 56 6 56 3
1008 101 4 1002 4 78 7 78 2
1008 101 4 1002 4 85 2 85 3
1008 101 4 1002 4 92 0 44 0
1008 101 4 1002 4 99 1 92 1
1008 101 4 1002 4 58 2 64 2
1008 101 4 1002 4 99 3 99 3
1008 101 4 1002 4 99 4 99 4
1008 101 4 1002 4 92 6 58 6
1008 101 4 1002 4 58 7 84 7
1008 101 4 1002 4 56 3 7 3
1008 101 4 1002 4 56 4 7 4
1008 101 4 1002 4 78 7 47 7
1008 101 4 1002 4 84 2 26 0
1008 101 4 1002 4 56 3 10 6
1008 101 4 1002 4 13 0 99 1
1008 101 4 1002 4 42 2 92 6
1008 101 4 1002 4 56 4 20 3
1008 101 4 1002 4 99 1 17 0
1008 101 4 1002 4 99 1 13 1
1008 101 4 1002 4 7 2 50 2
1008 101 4 1002 4 40 6 64 2
1008 101 4 1002 4 15 6 50 4
1008 101 4 1002 4 32 7 13 0
1008 101 4 1002 4 7 4 78 7
1008 101 4 1002 4 92 0 68 7
1008 101 4 1002 4 85 3 1 7
1008 101 4 1002 4 84 0 32 7
1008 101 4 1002 4 7 4 56 2
1008 101 4 1002 4 64 2 49 6
1008 101 4 1002 4 78 3 45 3
1008 101 4 1002 4 58 6 32 2
1008 101 4 1002 4 42 2 44 0
1008 101 4 1002 4 45 7 50 7
1008 101 4 1002 4 17 0 84 2
1008 101 4 1002 4 7 3 78 2
1008 101 4 1002 4 7 2 85 3
1008 101 4 1002 4 99 7 68 7
1008 101 4 1002 4 84 7 58 7
1008 101 4 1002 4 32 7 17 0
1008 101 4 1002 4 60 7 50 2
1008 101 4 1002 4 26 6 44 0
1008 101 4 1002 4 1 6 15 7
1008 101 4 1002 4 42 2 32 2
1008 101 4 1002 4 15 0 85 2
1008 101 4 1002 4 68 7 19 7
1008 101 4 1002 4 7 2 50 4
1008 101 4 1002 4 44 0 26 6
1008 101 4 1002 4 7 2 60 4
1008 101 4 1002 4 92 1 99 4
1008 101 4 1002 4 1 7 60 2
1008 101 4 1002 4 13 1 84 0
1008 101 4 1002 4 78 7 85 2
1008 101 4 1002 4 92 0 40 2
1008 101 4 1002 4 60 2 50 7
1008 101 4 1002 4 19 6 58 2
1008 101 4 1002 4 60 4 56 3
1008 101 4 1002 4 11 1 17 0
1008 101 4 1002 4 50 6 7 2
1008 101 4 1002 4 68 7 92 6
1008 101 4 1002 4 47 7 10 7
1008 101 4 1002 4 13 1 68 7
1008 101 4 1002 4 50 6 47 7
1008 101 4 1002 4 68 7 40 2
1008 101 4 1002 4 10 2 60 4
1008 101 4 1002 4 84 7 58 2
1008 101 4 1002 4 68 7 99 3
1008 101 4 1002 4 78 2 45 6
1008 101 4 1002 4 26 1 42 2
1008 101 4 1002 4 56 4 45 3
1008 101 4 1002 4 11 1 58 6
1008 101 4 1002 4 10 1 1 7
1008 101 4 1002 4 68 7 99 1
1008 101 4 1002 4 20 2 15 7
1008 101 4 1002 4 1 7 85 2
1008 101 4 1002 4 84 7 13 1
1008 101 4 1002 4 32 2 44 0
1008 101 4 1002 4 1 7 45 6
1008 101 4 1002 4 64 0 26 6
1008 101 4 1002 4 78 3 10 7
1008 101 4 1002 4 45 3 7 2
1008 101 4 1002 4 68 7 58 7
1008 101 4 1002 4 60 4 7 2
1008 101 4 1002 4 56 6 7 3
1008 101 4 1002 4 17 0 13 0
1008 101 4 1002 4 60 7 78 3
1008 101 4 1002 4 40 2 44 0
1008 101 4 1002 4 56 7 45 3
1008 101 4 1002 4 99 2 11 6
1008 101 4 1002 4 10 7 85 3
1008 101 4 1002 4 13 0 84 2
1008 101 4 1002 4 50 2 7 3
1008 101 4 1002 4 49 7 58 2
1008 101 4 1002 4 10 2 85 2
1008 101 4 1002 4 42 2 58 6
1008 101 4 1002 4 47 7 45 7
1008 101 4 1002 4 11 6 26 6
1008 101 4 1002 4 15 6 56 7
1008 101 4 1002 4 42 2 58 2
1008 101 4 1002 4 7 4 45 6
1008 101 4 1002 4 99 7 11 1
1008 101 4 1002 4 45 2 7 2
1008 101 4 1002 4 56 3 7 2
1008 101 4 1002 4 85 3 20 7
1008 101 4 1002 4 11 6 49 6
1008 101 4 1002 4 56 4 50 2
1008 101 4 1002 4 64 7 13 1
1008 101 4 1002 4 7 4 56 7
1008 101 4 1002 4 49 2 26 6
1008 101 4 1002 4 15 6 20 2
1008 101 4 1002 4 58 2 99 7
1008 101 4 1002 4 7 3 1 3
1008 101 4 1002 4 26 0 32 7
1008 101 4 1002 4 50 2 56 4
1008 101 4 1002 4 64 7 32 2
1008 101 4 1002 4 47 7 20 7
1008 101 4 1002 4 92 6 13 0
1008 101 4 1002 4 78 2 56 7
1008 101 4 1002 4 99 4 44 0
1008 101 4 1002 4 84 2 44 0
1008 101 4 1002 4 44 0 92 6
1008 101 4 1002 4 20 6 50 4
1008 101 4 1002 4 40 6 84 7
1008 101 4 1002 4 50 4 56 4
1008 101 4 1002 4 40 2 84 2
1008 101 4 1002 4 10 2 56 7
1008 101 4 1002 4 58 7 68 7
1008 101 4 1002 4 1 4 47 7
1008 101 4 1002 4 58 7 17 0
1008 101 4 1002 4 78 7 45 4
1008 101 4 1002 4 10 6 45 2
1008 101 4 1002 4 58 2 19 0
1008 101 4 1002 4 60 7 10 6
1008 101 4 1002 4 58 2 64 7
1008 101 4 1002 4 45 2 60 2
1008 101 4 1002 4 42 2 17 0
1008 101 4 1002 4 78 3 15 6
1008 101 4 1002 4 19 7 92 6
1008 101 4 1002 4 49 2 26 1
1008 101 4 1002 4 47 7 50 7
1008 101 4 1002 4 44 0 84 2
1008 101 4 1002 4 15 6 7 2
1008 101 4 1002 4 17 0 92 0
1008 101 4 1002 4 10 1 78 2
1008 101 4 1002 4 49 6 99 2
1008 101 4 1002 4 20 2 45 4
1008 101 4 1002 4 64 0 99 7
1008 101 4 1002 4 60 4 45 7
1008 101 4 1002 4 17 0 19 0
1008 101 4 1002 4 13 0 99 4
1008 101 4 1002 4 15 6 1 7
1008 101 4 1002 4 64 7 13 0
1008 101 4 1002 4 56 6 45 7
1008 101 4 1002 4 84 0 49 7
1008 101 4 1002 4 45 7 47 7
1008 101 4 1002 4 19 6 40 2
1008 101 4 1002 4 1 7 20 3
1008 101 4 1002 4 40 6 11 6
1008 101 4 1002 4 19 7 64 2
1008 101 4 1002 4 47 7 1 7
1008 101 4 1002 4 11 6 44 0
1008 101 4 1002 4 20 6 47 7
1008 101 4 1002 4 19 6 11 6
1008 101 4 1002 4 47 7 10 0
1008 101 4 1002 4 40 6 42 2
1008 101 4 1002 4 49 2 68 7
1008 101 4 1002 4 56 2 7 3
1008 101 4 1002 4 11 6 26 0
1008 101 4 1002 4 7 2 1 7
1008 101 4 1002 4 44 0 99 3
1008 101 4 1002 4 45 6 20 7
1008 101 4 1002 4 40 6 84 2
1008 101 4 1002 4 10 0 20 7
1008 101 4 1002 4 78 2 85 2
1008 101 4 1002 4 64 2 32 7
1008 101 4 1002 4 7 4 50 4
1008 101 4 1002 4 49 6 44 0
1008 101 4 1002 4 50 6 1 6
1008 101 4 1002 4 99 1 26 1
1008 101 4 1002 4 47 7 85 3
1008 101 4 1002 4 58 6 64 0
1008 101 4 1002 4 45 7 78 7
1008 101 4 1002 4 68 7 32 2
1008 101 4 1002 4 7 2 78 2
1008 101 4 1002 4 11 1 11 6
1008 101 4 1002 4 19 7 19 6
1008 101 4 1002 4 49 7 49 2
1008 101 4 1002 4 92 6 92 1
1008 101 4 1002 4 99 7 99 2
1008 101 4 1002 4 1 6 1 4
1008 101 4 1002 4 10 6 10 7
1008 101 4 1002 4 45 2 45 3
1008 101 4 1002 4 50 4 50 6
1008 101 4 1002 4 56 7 56 3
1008 101 4 1002 4 60 2 60 7
1008 101 4 1002 4 78 3 78 2
1008 101 4 1002 4 17 0 26 0
1008 101 4 1002 4 13 1 26 1
1008 101 4 1002 4 49 2 64 2
1008 101 4 1002 4 58 7 64 7
1008 101 4 1002 4 15 0 10 0
1008 101 4 1002 4 10 2 45 2
1008 101 4 1002 4 7 3 45 3
1008 101 4 1002 4 45 4 7 4
1008 101 4 1002 4 20 6 15 6
1008 101 4 1002 4 47 7 15 7
1008 101 4 1002 4 92 6 32 2
1008 101 4 1002 4 15 0 50 4
1008 101 4 1002 4 99 4 32 7
1008 101 4 1002 4 1 4 60 4
1008 101 4 1002 4 64 2 19 7
1008 101 4 1002 4 56 6 10 2
1008 101 4 1002 4 58 6 68 7
1008 101 4 1002 4 50 4 85 3
1008 101 4 1002 4 68 7 58 2
1008 101 4 1002 4 10 1 1 4
1008 101 4 1002 4 13 0 11 0
1008 101 4 1002 4 50 2 85 2
1008 101 4 1002 4 19 6 58 7
1008 101 4 1002 4 47 7 20 2
1008 101 4 1002 4 11 1 13 1
1008 101 4 1002 4 10 1 47 7
1008 101 4 1002 4 40 2 49 6
1008 101 4 1002 4 20 2 10 2
1008 101 4 1002 4 92 0 99 7
1008 101 4 1002 4 10 0 60 2
1008 101 4 1002 4 92 6 11 6
1008 101 4 1002 4 17 0 64 7
1008 101 4 1002 4 19 7 13 0
1008 101 4 1002 4 7 3 45 7
1008 101 4 1002 4 32 7 49 2
1008 101 4 1002 4 7 3 45 2
1008 101 4 1002 4 19 7 44 0
1008 101 4 1002 4 47 7 56 3
1008 101 4 1002 4 84 0 99 7
1008 101 4 1002 4 20 3 56 6
1008 101 4 1002 4 45 6 56 7
1008 101 4 1002 4 58 6 44 0
1008 101 4 1002 4 47 7 10 6
1008 101 4 1002 4 11 6 32 2
1008 101 4 1002 4 20 7 15 0
1008 101 4 1002 4 85 3 78 7
1008 101 4 1002 4 50 6 10 1
1008 101 4 1002 4 92 0 26 0
1008 101 4 1002 4 10 0 7 3
1008 101 4 1002 4 78 7 85 3
1008 101 4 1002 4 17 0 44 0
1008 101 4 1002 4 99 3 40 2
1008 101 4 1002 4 49 7 19 6
1008 101 4 1002 4 84 7 26 6
1008 101 4 1002 4 7 3 15 2
1008 101 4 1002 4 56 2 10 0
1008 101 4 1002 4 13 1 26 0
1008 101 4 1002 4 56 7 50 6
1008 101 4 1002 4 42 2 26 0
1008 101 4 1002 4 60 2 78 7
1008 101 4 1002 4 40 6 19 7
1008 101 4 1002 4 1 4 45 3
1008 101 4 1002 4 49 2 17 0
1008 101 4 1002 4 60 2 50 4
1008 101 4 1002 4 1 4 56 4
1008 101 4 1002 4 60 4 1 4
1008 101 4 1002 4 78 7 7 3
1008 101 4 1002 4 68 7 40 6
1008 101 4 1002 4 15 6 60 7
1008 101 4 1002 4 20 3 60 4
1008 101 4 1002 4 85 2 20 3
1008 101 4 1002 4 15 0 1 4
1008 101 4 1002 4 99 1 58 7
1008 101 4 1002 4 45 3 15 6
1008 101 4 1002 4 92 1 40 6
1008 101 4 1002 4 49 2 40 6
1008 101 4 1002 4 7 2 10 6
1008 101 4 1002 4 26 0 64 0
1008 101 4 1002 4 15 6 10 7
1008 101 4 1002 4 56 3 60 2
1008 101 4 1002 4 19 0 13 1
1008 101 4 1002 4 10 2 7 4
1008 101 4 1002 4 49 7 84 0
1008 101 4 1002 4 50 2 56 2
1008 101 4 1002 4 99 7 84 2
1008 101 4 1002 4 60 7 50 7
1008 101 4 1002 4 7 4 85 2
1008 101 4 1002 4 47 7 60 4
1008 101 4 1002 4 17 0 99 4
1008 101 4 1002 4 92 6 42 2
1008 101 4 1002 4 10 6 20 2
1008 101 4 1002 4 99 2 40 2
1008 101 4 1002 4 49 7 92 0
1008 101 4 1002 4 44 0 64 0
1008 101 4 1002 4 10 0 56 6
1008 101 4 1002 4 49 7 19 7
1008 101 4 1002 4 85 3 20 3
1008 101 4 1002 4 58 7 19 0
1008 101 4 1002 4 50 2 1 4
1008 101 4 1002 4 49 7 84 7
1008 101 4 1002 4 1 7 50 7
1008 101 4 1002 4 7 3 1 7
1008 101 4 1002 4 99 7 84 0
1008 101 4 1002 4 20 3 47 7
1008 101 4 1002 4 56 2 85 3
1008 101 4 1002 4 11 0 84 7
1008 101 4 1002 4 20 6 50 2
1008 101 4 1002 4 40 6 11 0
1008 101 4 1002 4 56 3 78 7
1008 101 4 1002 4 64 0 49 6
1008 101 4 1002 4 1 6 7 4
1008 101 4 1002 4 64 2 42 2
1008 101 4 1002 4 7 4 1 3
1008 101 4 1002 4 15 0 10 2
1008 101 4 1002 4 1 6 60 4
1008 101 4 1002 4 78 7 1 4
1008 101 4 1002 4 11 6 58 2
1008 101 4 1002 4 60 2 10 1
1008 101 4 1002 4 13 1 84 2
1008 101 4 1002 4 60 4 20 3
1008 101 4 1002 4 7 3 85 3
1008 101 4 1002 4 68 7 26 6
1008 101 4 1002 4 17 0 58 7
1008 101 4 1002 4 1 7 7 2
1008 101 4 1002 4 58 2 44 0
1008 101 4 1002 4 32 2 64 7
1008 101 4 1002 4 45 7 15 0
1008 101 4 1002 4 92 1 84 0
1008 101 4 1002 4 78 3 60 4
1008 101 4 1002 4 1 4 50 7
1008 101 4 1002 4 64 0 19 7
1008 101 4 1002 4 78 2 7 4
1008 101 4 1002 4 58 6 84 2
1008 101 4 1002 4 15 7 85 3
1008 101 4 1002 4 64 2 49 7
1008 101 4 1002 4 85 3 47 7
1008 101 4 1002 4 19 6 19 7
1008 101 4 1002 4 32 2 32 7
1008 101 4 1002 4 40 2 40 6
1008 101 4 1002 4 49 2 49 6
1008 101 4 1002 4 58 6 58 2
1008 101 4 1002 4 84 7 84 2
1008 101 4 1002 4 7 3 7 2
1008 101 4 1002 4 10 0 10 2
1008 101 4 1002 4 15 7 15 6
1008 101 4 1002 4 20 7 20 6
1008 101 4 1002 4 50 7 50 6
1008 101 4 1002 4 78 2 78 7
1008 101 4 1002 4 64 0 13 0
1008 101 4 1002 4 26 1 11 1
1008 101 4 1002 4 26 6 19 6
1008 101 4 1002 4 99 7 58 7
1008 101 4 1002 4 85 3 56 3
1008 101 4 1002 4 56 4 50 4
1008 101 4 1002 4 10 6 20 6
1008 101 4 1002 4 10 7 45 7
1008 101 4 1002 4 84 2 58 2
1008 101 4 1002 4 78 2 60 7
1008 101 4 1002 4 49 7 40 2
1008 101 4 1002 4 50 4 10 0
1008 101 4 1002 4 20 2 15 2
1008 101 4 1002 4 11 0 58 2
1008 101 4 1002 4 1 3 45 7
1008 101 4 1002 4 26 1 49 2
1008 101 4 1002 4 10 2 20 6
1008 101 4 1002 4 99 3 68 7
1008 101 4 1002 4 19 7 99 3
1008 101 4 1002 4 99 2 17 0
1008 101 4 1002 4 85 3 1 4
1008 101 4 1002 4 78 3 20 2
1008 101 4 1002 4 84 7 64 0
1008 101 4 1002 4 20 7 78 3
1008 101 4 1002 4 32 2 84 2
1008 101 4 1002 4 99 4 92 6
1008 101 4 1002 4 56 6 50 2
1008 101 4 1002 4 11 1 64 2
1008 101 4 1002 4 44 0 32 7
1008 101 4 1002 4 50 6 20 2
1008 101 4 1002 4 40 2 26 6
1008 101 4 1002 4 47 7 56 4
1008 101 4 1002 4 64 0 40 6
1008 101 4 1002 4 1 3 45 3
1008 101 4 1002 4 10 0 56 3
1008 101 4 1002 4 99 1 19 0
1008 101 4 1002 4 78 3 15 2
1008 101 4 1002 4 68 7 17 0
1008 101 4 1002 4 20 2 10 6
1008 101 4 1002 4 13 1 17 0
1008 101 4 1002 4 45 6 56 3
1008 101 4 1002 4 56 4 10 7
1008 101 4 1002 4 99 3 84 7
1008 101 4 1002 4 56 4 47 7
1008 101 4 1002 4 58 2 11 1
1008 101 4 1002 4 50 2 60 2
1008 101 4 1002 4 45 3 10 7
1008 101 4 1002 4 68 7 64 7
1008 101 4 1002 4 45 2 10 6
1008 101 4 1002 4 19 0 40 6
1008 101 4 1002 4 15 7 10 7
1008 101 4 1002 4 60 2 45 3
1008 101 4 1002 4 11 1 32 7
1008 101 4 1002 4 50 2 7 4
1008 101 4 1002 4 68 7 99 7
1008 101 4 1002 4 56 2 20 3
1008 101 4 1002 4 32 2 58 6
1008 101 4 1002 4 50 4 56 7
1008 101 4 1002 4 11 6 42 2
1008 101 4 1002 4 19 6 68 7
1008 101 4 1002 4 47 7 78 2
1008 101 4 1002 4 40 6 11 1
1008 101 4 1002 4 40 6 92 1
1008 101 4 1002 4 64 2 84 0
1008 101 4 1002 4 10 6 7 3
1008 101 4 1002 4 15 0 50 6
1008 101 4 1002 4 26 0 99 4
1008 101 4 1002 4 1 6 56 6
1008 101 4 1002 4 92 0 17 0
1008 101 4 1002 4 60 7 85 2
1008 101 4 1002 4 64 0 13 1
1008 101 4 1002 4 20 2 85 2
1008 101 4 1002 4 26 0 99 7
1008 101 4 1002 4 85 3 10 6
1008 101 4 1002 4 84 7 44 0
1008 101 4 1002 4 56 6 15 6
1008 101 4 1002 4 40 2 13 0
1008 101 4 1002 4 45 6 47 7
1008 101 4 1002 4 26 0 11 1
1008 101 4 1002 4 26 1 84 7
1008 101 4 1002 4 7 4 78 3
1008 101 4 1002 4 40 6 58 7
1008 101 4 1002 4 56 3 85 3
1008 101 4 1002 4 17 0 92 6
1008 101 4 1002 4 32 7 84 2
1008 101 4 1002 4 7 4 1 4
1008 101 4 1002 4 1 6 50 7
1008 101 4 1002 4 40 6 32 2
1008 101 4 1002 4 60 2 50 2
1008 101 4 1002 4 56 2 78 7
1008 101 4 1002 4 49 7 19 0
1008 101 4 1002 4 50 6 60 2
1008 101 4 1002 4 50 4 45 4
1008 101 4 1002 4 19 0 64 2
1008 101 4 1002 4 85 3 20 2
1008 101 4 1002 4 19 7 11 6
1008 101 4 1002 4 99 7 26 6
1008 101 4 1002 4 7 4 56 6
1008 101 4 1002 4 19 0 64 7
1008 101 4 1002 4 19 6 13 0
1008 101 4 1002 4 47 7 56 2
1008 101 4 1002 4 92 0 11 0
1008 101 4 1002 4 42 2 11 6
1008 101 4 1002 4 92 6 64 0
1008 101 4 1002 4 56 2 10 7
1008 101 4 1002 4 68 7 84 0
1008 101 4 1002 4 99 4 11 6
1008 101 4 1002 4 84 2 92 1
1008 101 4 1002 4 1 3 45 4
1008 101 4 1002 4 40 2 99 7
1008 101 4 1002 4 85 2 20 6
1008 101 4 1002 4 17 0 68 7
1008 101 4 1002 4 50 6 78 7
1008 101 4 1002 4 10 0 20 2
1008 101 4 1002 4 92 0 26 6
1008 101 4 1002 4 15 7 78 2
1008 101 4 1002 4 84 0 99 2
1008 101 4 1002 4 50 4 15 2
1008 101 4 1002 4 49 6 19 6
1008 101 4 1002 4 45 6 56 6
1008 101 4 1002 4 49 6 58 7
1008 101 4 1002 4 10 6 85 3
1008 101 4 1002 4 64 2 58 6
1008 101 4 1002 4 15 6 60 4
1008 101 4 1002 4 40 2 19 7
1008 101 4 1002 4 26 6 68 7
1008 101 4 1002 4 1 6 15 0
1008 101 4 1002 4 19 7 99 1
1008 101 4 1002 4 20 3 7 3
1008 101 4 1002 4 64 2 44 0
1008 101 4 1002 4 85 2 50 7
1008 101 4 1002 4 40 2 11 0
1008 101 4 1002 4 1 3 47 7
1008 101 4 1002 4 45 7 56 6
1008 101 4 1002 4 45 3 10 1
1008 101 4 1002 4 56 6 60 2
1008 101 4 1002 4 99 7 13 0
1008 101 4 1002 4 40 2 32 7
1008 101 4 1002 4 10 1 56 4
1008 101 4 1002 4 26 6 42 2
1008 101 4 1002 4 42 2 19 7
1008 101 4 1002 4 60 7 10 1
1008 101 4 1002 4 49 6 64 0
1008 101 4 1002 4 85 3 56 6
1008 101 4 1002 4 99 1 19 6
1008 101 4 1002 4 20 7 78 7
1008 101 4 1002 4 56 3 45 2
1008 101 4 1002 4 11 0 58 6
1008 101 4 1002 4 58 2 32 2
1008 101 4 1002 4 7 3 60 7
1008 101 4 1002 4 60 7 15 0
1008 101 4 1002 4 10 2 50 2
1008 101 4 1002 4 13 0 68 7
1008 101 4 1002 4 45 4 20 6
1008 101 4 1002 4 7 4 45 3
1008 101 4 1002 4 19 7 17 0
1008 101 4 1002 4 7 3 50 4
1008 101 4 1002 4 68 7 26 0
1008 101 4 1002 4 60 2 78 3
1008 101 4 1002 4 19 7 58 7
1008 101 4 1002 4 1 4 78 2
1008 101 4 1002 4 49 6 58 2
1008 101 4 1002 4 45 4 15 2
1008 101 4 1002 4 13 0 42 2
1008 101 4 1002 4 85 2 56 2
1008 101 4 1002 4 17 0 84 0
1008 101 4 1002 4 7 4 45 7
1008 101 4 1002 4 78 3 47 7
1008 101 4 1002 4 49 2 42 2
1008 101 4 1002 4 1 4 60 7
1008 101 4 1002 4 99 1 40 2
1008 101 4 1002 4 56 2 50 2
1008 101 4 1002 4 44 0 26 0
1008 101 4 1002 4 10 7 85 2
1008 101 4 1002 4 32 7 44 0
1008 101 4 1002 4 92 0 42 2
1008 101 4 1002 4 10 7 20 7
1008 101 4 1002 4 58 6 40 2
1008 101 4 1002 4 20 6 10 0
1008 101 4 1002 4 56 3 20 2
1008 101 4 1002 4 92 6 99 1
1008 101 4 1002 4 26 1 11 6
1008 101 4 1002 4 7 4 10 0
1008 101 4 1002 4 49 7 84 2
1008 101 4 1002 4 45 3 50 6
1008 101 4 1002 4 32 2 26 6
1008 101 4 1002 4 1 7 20 2
1008 101 4 1002 4 45 4 10 6
1008 101 4 1002 4 32 2 13 1
1008 101 4 1002 4 58 7 13 0
1008 101 4 1002 4 26 6 40 2
1008 101 4 1002 4 78 7 20 3
1008 101 4 1002 4 45 4 20 3
1008 101 4 1002 4 56 2 20 7
1008 101 4 1002 4 60 2 1 3
1008 101 4 1002 4 44 0 32 2
1008 101 4 1002 4 40 6 92 0
1008 101 4 1002 4 32 7 58 6
1008 101 4 1002 4 32 2 49 6
1008 101 4 1002 4 15 2 20 3
1008 101 4 1002 4 58 6 64 7
1008 101 4 1002 4 84 7 13 0
1008 101 4 1002 4 64 2 68 7
1008 101 4 1002 4 40 6 13 0
1008 101 4 1002 4 56 4 60 4
1008 101 4 1002 4 19 0 49 2
1008 101 4 1002 4 20 2 7 2
1008 101 4 1002 4 92 1 68 7
1008 101 4 1002 4 1 4 15 2
1008 101 4 1002 4 44 0 13 1
1008 101 4 1002 4 68 7 11 6
1008 101 4 1002 4 50 4 78 7
1008 101 4 1002 4 49 6 92 0
1008 101 4 1002 4 20 6 50 6
1008 101 4 1002 4 78 2 10 1
1008 101 4 1002 4 85 2 56 6
1008 101 4 1002 4 40 6 99 4
1008 101 4 1002 4 10 2 15 2
1008 101 4 1002 4 44 0 64 7
1008 101 4 1002 4 20 3 60 7
1008 101 4 1002 4 10 6 78 3
1008 101 4 1002 4 58 7 32 2
1008 101 4 1002 4 47 7 45 2
1008 101 4 1002 4 20 7 56 7
1008 101 4 1002 4 58 6 26 0
1008 101 4 1002 4 15 0 56 7
1008 101 4 1002 4 11 6 58 7
1008 101 4 1002 4 11 6 68 7
1008 101 4 1002 4 15 0 50 7
1008 101 4 1002 4 60 7 10 0
1008 101 4 1002 4 56 4 50 6
1008 101 4 1002 4 42 2 58 7
1008 101 4 1002 4 60 2 1 7
1008 101 4 1002 4 50 2 60 4
1008 101 4 1002 4 60 7 56 3
1008 101 4 1002 4 11 6 40 6
1008 101 4 1002 4 10 7 78 3
1008 101 4 1002 4 19 0 68 7
1008 101 4 1002 4 78 7 15 2
1008 101 4 1002 4 11 0 11 6
1008 101 4 1002 4 19 6 19 0
1008 101 4 1002 4 58 2 58 7
1008 101 4 1002 4 64 0 64 7
1008 101 4 1002 4 99 2 99 3
1008 101 4 1002 4 1 7 1 3
1008 101 4 1002 4 7 2 7 3
1008 101 4 1002 4 10 2 10 1
1008 101 4 1002 4 15 6 15 7
1008 101 4 1002 4 20 2 20 3
1008 101 4 1002 4 45 3 45 6
1008 101 4 1002 4 56 2 56 6
1008 101 4 1002 4 60 7 60 4
1008 101 4 1002 4 78 3 78 7
1008 101 4 1002 4 44 0 17 0
1008 101 4 1002 4 26 1 92 1
1008 101 4 1002 4 64 2 99 2
1008 101 4 1002 4 84 7 49 7
1008 101 4 1002 4 45 3 85 3
1008 101 4 1002 4 10 6 15 6
1008 101 4 1002 4 10 7 15 7
1008 101 4 1002 4 44 0 13 0
1008 101 4 1002 4 92 0 32 2
1008 101 4 1002 4 20 2 15 0
1008 101 4 1002 4 42 2 26 1
1008 101 4 1002 4 20 3 78 3
1008 101 4 1002 4 84 2 49 6
1008 101 4 1002 4 85 2 20 2
1008 101 4 1002 4 56 2 7 2
1008 101 4 1002 4 32 2 13 0
1008 101 4 1002 4 47 7 1 3
1008 101 4 1002 4 84 2 92 0
1008 101 4 1002 4 10 1 56 3
1008 101 4 1002 4 40 2 26 0
1008 101 4 1002 4 99 4 26 0
1008 101 4 1002 4 50 7 45 2
1008 101 4 1002 4 84 7 64 2
1008 101 4 1002 4 10 6 47 7
1008 101 4 1002 4 15 7 56 4
1008 101 4 1002 4 56 3 10 1
1008 101 4 1002 4 78 7 50 2
1008 101 4 1002 4 11 1 92 6
1008 101 4 1002 4 40 6 44 0
1008 101 4 1002 4 56 3 60 7
1008 101 4 1002 4 47 7 15 0
1008 101 4 1002 4 60 7 1 3
1008 101 4 1002 4 58 7 32 7
1008 101 4 1002 4 56 7 60 4
1008 101 4 1002 4 64 0 84 7
1008 101 4 1002 4 15 0 78 7
1008 101 4 1002 4 99 7 64 2
1008 101 4 1002 4 47 7 50 6
1008 101 4 1002 4 50 4 20 2
1008 101 4 1002 4 99 3 92 6
1008 101 4 1002 4 19 7 84 0
1008 101 4 1002 4 50 4 7 3
1008 101 4 1002 4 99 3 11 0
1008 101 4 1002 4 1 7 78 2
1008 101 4 1002 4 68 7 64 2
1008 101 4 1002 4 10 0 45 2
1008 101 4 1002 4 92 1 64 2
1008 101 4 1002 4 78 2 45 4
1008 101 4 1002 4 84 0 49 6
1008 101 4 1002 4 56 3 7 4
1008 101 4 1002 4 7 4 60 4
1008 101 4 1002 4 17 0 84 7
1008 101 4 1002 4 99 7 11 0
1008 101 4 1002 4 40 6 19 0
1008 101 4 1002 4 99 7 58 2
1008 101 4 1002 4 85 2 15 6
1008 101 4 1002 4 17 0 11 6
1008 101 4 1002 4 7 4 60 7
1008 101 4 1002 4 40 6 64 7
1008 101 4 1002 4 17 0 99 1
1008 101 4 1002 4 7 4 10 7
1008 101 4 1002 4 26 1 17 0
1008 101 4 1002 4 56 4 85 2
1008 101 4 1002 4 50 2 7 2
1008 101 4 1002 4 49 7 11 1
1008 101 4 1002 4 78 7 10 6
1008 101 4 1002 4 26 1 64 2
1008 101 4 1002 4 26 1 13 1
1008 101 4 1002 4 47 7 10 2
1008 101 4 1002 4 40 2 64 0
1008 101 4 1002 4 45 6 1 6
1008 101 4 1002 4 49 6 84 2
1008 101 4 1002 4 15 7 1 3
1008 101 4 1002 4 10 7 45 6
1008 101 4 1002 4 1 7 78 7
1008 101 4 1002 4 19 0 32 2
1008 101 4 1002 4 15 2 47 7
1008 101 4 1002 4 64 7 92 1
1008 101 4 1002 4 42 2 84 0
1008 101 4 1002 4 92 1 17 0
1008 101 4 1002 4 47 7 1 6
1008 101 4 1002 4 42 2 84 7
1008 101 4 1002 4 26 0 42 2
1008 101 4 1002 4 26 0 64 2
1008 101 4 1002 4 60 2 85 2
1008 101 4 1002 4 13 1 19 0
1008 101 4 1002 4 15 0 60 4
1008 101 4 1002 4 64 2 13 0
1008 101 4 1002 4 78 3 50 4
1008 101 4 1002 4 19 6 84 0
1008 101 4 1002 4 45 7 10 1
1008 101 4 1002 4 1 6 85 3
1008 101 4 1002 4 99 4 64 2
1008 101 4 1002 4 85 2 45 2
1008 101 4 1002 4 58 2 26 0
1008 101 4 1002 4 92 0 84 0
1008 101 4 1002 4 56 4 60 2
1008 101 4 1002 4 40 2 49 2
1008 101 4 1002 4 85 3 20 6
1008 101 4 1002 4 20 2 78 7
1008 101 4 1002 4 85 3 7 4
1008 101 4 1002 4 49 7 68 7
1008 101 4 1002 4 15 0 20 3
1008 101 4 1002 4 78 2 15 2
1008 101 4 1002 4 26 6 32 2
1008 101 4 1002 4 85 3 7 2
1008 101 4 1002 4 45 2 50 2
1008 101 4 1002 4 15 7 7 3
1008 101 4 1002 4 68 7 26 1
1008 101 4 1002 4 64 7 92 6
1008 101 4 1002 4 7 2 60 2
1008 101 4 1002 4 99 1 11 0
1008 101 4 1002 4 78 2 10 2
1008 101 4 1002 4 84 0 26 1
1008 101 4 1002 4 58 6 49 7
1008 101 4 1002 4 68 7 13 0
1008 101 4 1002 4 64 7 64 0
1008 101 4 1002 4 84 0 84 7
1008 101 4 1002 4 1 4 1 6
1008 101 4 1002 4 10 1 10 7
1008 101 4 1002 4 15 2 15 0
1008 101 4 1002 4 45 6 45 2
1008 101 4 1002 4 50 4 50 7
1008 101 4 1002 4 92 1 11 1
1008 101 4 1002 4 99 2 84 2
1008 101 4 1002 4 26 6 58 6
1008 101 4 1002 4 10 2 56 2
1008 101 4 1002 4 45 3 20 3
1008 101 4 1002 4 50 4 7 4
1008 101 4 1002 4 45 6 15 6
1008 101 4 1002 4 15 7 78 7
1008 101 4 1002 4 1 6 7 3
1008 101 4 1002 4 99 3 64 7
1008 101 4 1002 4 49 2 11 0
1008 101 4 1002 4 32 2 11 6
1008 101 4 1002 4 85 2 7 4
1008 101 4 1002 4 40 2 42 2
1008 101 4 1002 4 1 6 50 6
1008 101 4 1002 4 11 6 19 0
1008 101 4 1002 4 10 6 15 0
1008 101 4 1002 4 19 7 32 2
1008 101 4 1002 4 1 3 7 2
1008 101 4 1002 4 99 4 84 0
1008 101 4 1002 4 15 2 50 2
1008 101 4 1002 4 84 7 19 0
1008 101 4 1002 4 56 2 60 2
1008 101 4 1002 4 58 6 99 4
1008 101 4 1002 4 50 2 15 2
1008 101 4 1002 4 58 7 49 6
1008 101 4 1002 4 50 7 45 3
1008 101 4 1002 4 7 4 1 7
1008 101 4 1002 4 20 3 1 7
1008 101 4 1002 4 32 7 11 6
1008 101 4 1002 4 85 2 1 6
1008 101 4 1002 4 92 6 58 7
1008 101 4 1002 4 60 2 10 7
1008 101 4 1002 4 45 4 7 2
1008 101 4 1002 4 11 0 49 6
1008 101 4 1002 4 20 7 50 7
1008 101 4 1002 4 99 7 32 7
1008 101 4 1002 4 1 7 15 0
1008 101 4 1002 4 45 3 78 3
1008 101 4 1002 4 45 2 78 2
1008 101 4 1002 4 32 2 26 1
1008 101 4 1002 4 78 3 7 4
1008 101 4 1002 4 92 6 26 0
1008 101 4 1002 4 50 7 56 4
1008 101 4 1002 4 49 6 58 6
1008 101 4 1002 4 26 1 58 7
1008 101 4 1002 4 10 2 85 3
1008 101 4 1002 4 49 2 13 0
1008 101 4 1002 4 19 6 58 6
1008 101 4 1002 4 56 6 1 7
1008 101 4 1002 4 32 2 58 2
1008 101 4 1002 4 45 7 60 4
1008 101 4 1002 4 50 7 56 7
1008 101 4 1002 4 47 7 7 3
1008 101 4 1002 4 68 7 49 7
1008 101 4 1002 4 45 6 85 3
1008 101 4 1002 4 32 2 92 6
1008 101 4 1002 4 58 2 84 0
1008 101 4 1002 4 45 3 10 2
1008 101 4 1002 4 13 0 92 6
1008 101 4 1002 4 10 0 15 2
1008 101 4 1002 4 13 1 19 7
1008 101 4 1002 4 85 3 78 2
1008 101 4 1002 4 26 0 44 0
1008 101 4 1002 4 11 0 26 6
1008 101 4 1002 4 60 4 10 6
1008 101 4 1002 4 49 2 40 2
1008 101 4 1002 4 49 6 11 6
1008 101 4 1002 4 99 2 68 7
1008 101 4 1002 4 1 4 56 7
1008 101 4 1002 4 78 3 45 4
1008 101 4 1002 4 56 3 45 7
1008 101 4 1002 4 85 2 15 7
1008 101 4 1002 4 40 2 49 7
1008 101 4 1002 4 1 3 50 2
1008 101 4 1002 4 40 6 13 1
1008 101 4 1002 4 1 3 56 2
1008 101 4 1002 4 58 7 64 0
1008 101 4 1002 4 15 6 1 3
1008 101 4 1002 4 1 4 7 3
1008 101 4 1002 4 99 1 64 2
1008 101 4 1002 4 45 4 10 2
1008 101 4 1002 4 50 2 45 3
1008 101 4 1002 4 1 3 60 4
1008 101 4 1002 4 85 3 56 7
1008 101 4 1002 4 20 3 1 6
1008 101 4 1002 4 11 6 64 2
1008 101 4 1002 4 56 4 1 3
1008 101 4 1002 4 60 7 56 2
1008 101 4 1002 4 11 6 13 1
1008 101 4 1002 4 10 2 78 2
1008 101 4 1002 4 10 6 60 2
