1018 101 4 1004 4 42 5
1018 101 4 1004 4 1 3
1018 101 4 1004 4 87 7
1018 101 4 1004 4 49 2
1018 101 4 1004 4 56 4
1018 101 4 1004 4 38 7
1018 101 4 1004 4 32 5
1018 101 4 1004 4 47 7
1018 101 4 1004 4 70 4
1018 101 4 1004 4 41 7
1018 101 4 1004 4 1 2
1018 101 4 1004 4 61 2
1018 101 4 1004 4 25 6
1018 101 4 1004 4 1 4
1018 101 4 1004 4 92 6
1018 101 4 1004 4 45 6
1018 101 4 1004 4 71 4
1018 101 4 1004 4 58 6
1018 101 4 1004 4 78 2
1018 101 4 1004 4 19 6
1018 101 4 1004 4 85 3
1018 101 4 1004 4 61 3
1018 101 4 1004 4 40 2
1018 101 4 1004 4 85 2
1018 101 4 1004 4 16 2
1018 101 4 1004 4 44 7
1018 101 4 1004 4 42 2
1018 101 4 1004 4 46 7
1018 101 4 1004 4 23 2
1018 101 4 1004 4 32 6
1018 101 4 1004 4 60 4
1018 101 4 1004 4 81 7
1018 101 4 1004 4 7 5
1018 101 4 1004 4 87 5
1018 101 4 1004 4 32 7
1018 101 4 1004 4 81 6
1018 101 4 1004 4 58 2
1018 101 4 1004 4 10 0
1018 101 4 1004 4 73 2
1018 101 4 1004 4 45 3
1018 101 4 1004 4 87 0
1018 101 4 1004 4 49 6
1018 101 4 1004 4 44 0
1018 101 4 1004 4 17 1
1018 101 4 1004 4 20 2
1018 101 4 1004 4 9 3
1018 101 4 1004 4 64 0
1018 101 4 1004 4 53 2
1018 101 4 1004 4 20 6
1018 101 4 1004 4 48 2
1018 101 4 1004 4 40 7
1018 101 4 1004 4 56 6
1018 101 4 1004 4 52 2
1018 101 4 1004 4 19 7
1018 101 4 1004 4 15 2
1018 101 4 1004 4 61 4
1018 101 4 1004 4 13 0
1018 101 4 1004 4 55 2
1018 101 4 1004 4 98 1
1018 101 4 1004 4 56 7
1018 101 4 1004 4 16 3
1018 101 4 1004 4 20 3
1018 101 4 1004 4 38 3
1018 101 4 1004 4 17 0
1018 101 4 1004 4 23 7
1018 101 4 1004 4 25 0
1018 101 4 1004 4 45 7
1018 101 4 1004 4 65 2
1018 101 4 1004 4 58 7
1018 101 4 1004 4 56 3
1018 101 4 1004 4 99 3
1018 101 4 1004 4 46 0
1018 101 4 1004 4 41 0
1018 101 4 1004 4 46 2
1018 101 4 1004 4 95 3
1018 101 4 1004 4 49 5
1018 101 4 1004 4 50 6
1018 101 4 1004 4 65 7
1018 101 4 1004 4 99 7
1018 101 4 1004 4 1 6
1018 101 4 1004 4 88 5
1018 101 4 1004 4 84 0
1018 101 4 1004 4 85 5
1018 101 4 1004 4 9 2
1018 101 4 1004 4 87 2
1018 101 4 1004 4 26 1
1018 101 4 1004 4 50 7
1018 101 4 1004 4 44 4
1018 101 4 1004 4 10 6
1018 101 4 1004 4 55 7
1018 101 4 1004 4 88 7
1018 101 4 1004 4 64 7
1018 101 4 1004 4 85 4
1018 101 4 1004 4 73 4
1018 101 4 1004 4 88 2
1018 101 4 1004 4 11 6
1018 101 4 1004 4 15 6
1018 101 4 1004 4 26 6
1018 101 4 1004 4 47 5
1018 101 4 1004 4 48 7
1018 101 4 1004 4 92 0
1018 101 4 1004 4 32 2
1018 101 4 1004 4 52 4
1018 101 4 1004 4 65 4
1018 101 4 1004 4 49 7
1018 101 4 1004 4 98 2
1018 101 4 1004 4 58 5
1018 101 4 1004 4 52 3
1018 101 4 1004 4 68 0
1018 101 4 1004 4 25 7
1018 101 4 1004 4 9 4
1018 101 4 1004 4 98 4
1018 101 4 1004 4 95 4
1018 101 4 1004 4 13 1
1018 101 4 1004 4 81 5
1018 101 4 1004 4 11 1
1018 101 4 1004 4 50 5
1018 101 4 1004 4 1 5
1018 101 4 1004 4 55 3
1018 101 4 1004 4 50 4
1018 101 4 1004 4 53 7
1018 101 4 1004 4 7 2
1018 101 4 1004 4 16 7
1018 101 4 1004 4 56 2
1018 101 4 1004 4 57 7
1018 101 4 1004 4 78 3
1018 101 4 1004 4 48 4
1018 101 4 1004 4 65 3
1018 101 4 1004 4 38 2
1018 101 4 1004 4 9 7
1018 101 4 1004 4 44 5
1018 101 4 1004 4 25 2
1018 101 4 1004 4 40 5
1018 101 4 1004 4 41 2
1018 101 4 1004 4 57 2
1018 101 4 1004 4 84 7
1018 101 4 1004 4 98 7
1018 101 4 1004 4 1 7
1018 101 4 1004 4 10 1
1018 101 4 1004 4 23 6
1018 101 4 1004 4 50 2
1018 101 4 1004 4 60 7
1018 101 4 1004 4 78 5
1018 101 4 1004 4 16 5
1018 101 4 1004 4 38 4
1018 101 4 1004 4 55 4
1018 101 4 1004 4 94 4
1018 101 4 1004 4 11 0
1018 101 4 1004 4 92 1
1018 101 4 1004 4 19 2
1018 101 4 1004 4 98 3
1018 101 4 1004 4 25 4
1018 101 4 1004 4 19 5
1018 101 4 1004 4 45 4
1018 101 4 1004 4 45 5
1018 101 4 1004 4 81 0
1018 101 4 1004 4 73 7
1018 101 4 1004 4 57 5
1018 101 4 1004 4 7 4
1018 101 4 1004 4 99 1
1018 101 4 1004 4 78 4
1018 101 4 1004 4 19 0
1018 101 4 1004 4 61 7
1018 101 4 1004 4 44 2
1018 101 4 1004 4 52 7
1018 101 4 1004 4 64 5
1018 101 4 1004 4 15 0
1018 101 4 1004 4 64 2
1018 101 4 1004 4 10 7
1018 101 4 1004 4 45 2
1018 101 4 1004 4 20 7
1018 101 4 1004 4 26 0
1018 101 4 1004 4 7 3
1018 101 4 1004 4 78 7
1018 101 4 1004 4 99 2
1018 101 4 1004 4 68 7
1018 101 4 1004 4 15 7
1018 101 4 1004 4 84 2
1018 101 4 1004 4 99 4
1018 101 4 1004 4 10 2
1018 101 4 1004 4 16 4
1018 101 4 1004 4 40 6
1018 101 4 1004 4 68 2
1018 101 4 1004 4 60 2
1018 101 4 1004 4 73 3
1018 101 4 1004 4 47 2
1018 101 4 1004 4 41 6
1018 101 4 1004 4 81 2
1018 101 4 1004 4 44 6
1018 101 4 1004 4 10 5
1018 101 4 1004 4 25 5
