1014 1006 4 44 7 84 7 17 1
1014 1006 4 1 5 95 3 50 2
1014 1006 4 92 6 11 1 40 6
1014 1006 4 78 7 23 2 85 2
1014 1006 4 88 7 32 6 84 2
1014 1006 4 47 5 60 7 45 3
1014 1006 4 92 6 57 2 49 6
1014 1006 4 7 5 20 7 23 7
1014 1006 4 26 6 49 7 99 3
1014 1006 4 7 4 20 2 85 5
1014 1006 4 25 6 64 7 19 6
1014 1006 4 23 6 50 4 45 4
1014 1006 4 44 5 42 2 57 2
1014 1006 4 78 3 50 6 85 4
1014 1006 4 49 7 11 0 88 7
1014 1006 4 85 2 7 5 60 7
1014 1006 4 88 2 25 7 41 0
1014 1006 4 46 2 47 2 1 6
1014 1006 4 41 7 57 2 84 2
1014 1006 4 95 3 15 2 78 4
1014 1006 4 84 0 42 2 25 5
1014 1006 4 47 7 60 7 1 7
1014 1006 4 99 4 41 0 68 7
1014 1006 4 46 2 78 5 15 0
1014 1006 4 11 0 41 6 19 7
1014 1006 4 20 6 47 7 56 6
1014 1006 4 49 7 26 1 32 6
1014 1006 4 47 7 45 7 10 1
1014 1006 4 13 0 19 5 17 1
1014 1006 4 23 6 45 5 15 7
1014 1006 4 11 6 99 1 13 1
1014 1006 4 15 2 85 4 20 6
1014 1006 4 26 1 92 1 11 0
1014 1006 4 78 4 10 0 60 2
1014 1006 4 49 7 88 2 84 2
1014 1006 4 7 3 46 2 20 2
1014 1006 4 19 6 32 6 92 1
1014 1006 4 95 4 23 7 1 6
1014 1006 4 26 1 44 4 42 5
1014 1006 4 23 6 56 3 7 5
1014 1006 4 40 2 17 1 98 2
1014 1006 4 45 6 46 0 47 7
1014 1006 4 26 1 58 6 92 0
1014 1006 4 15 7 45 7 20 2
1014 1006 4 58 7 49 6 84 0
1014 1006 4 45 7 10 6 95 4
1014 1006 4 40 2 92 1 32 6
1014 1006 4 78 2 50 6 7 4
1014 1006 4 40 5 41 6 32 5
1014 1006 4 20 2 46 2 1 4
1014 1006 4 32 7 42 2 49 6
1014 1006 4 15 0 95 3 78 7
1014 1006 4 64 2 92 1 49 6
1014 1006 4 46 0 47 5 23 7
1014 1006 4 99 7 98 3 64 7
1014 1006 4 23 2 56 4 1 4
1014 1006 4 49 5 99 1 26 0
1014 1006 4 60 7 23 7 85 3
1014 1006 4 11 0 88 5 44 5
1014 1006 4 46 0 20 3 56 2
1014 1006 4 49 5 26 0 13 0
1014 1006 4 85 4 50 7 1 3
1014 1006 4 19 5 41 2 68 7
1014 1006 4 15 6 10 5 95 3
1014 1006 4 98 7 25 2 19 0
1014 1006 4 95 3 46 2 45 4
1014 1006 4 13 0 19 6 26 0
1014 1006 4 23 2 95 3 85 2
1014 1006 4 44 4 13 1 68 7
1014 1006 4 95 4 20 6 15 0
1014 1006 4 11 0 41 2 98 4
1014 1006 4 56 7 95 4 78 2
1014 1006 4 17 0 41 2 26 6
1014 1006 4 85 5 10 0 45 5
1014 1006 4 19 5 26 0 25 7
1014 1006 4 85 5 45 5 23 2
1014 1006 4 40 5 44 2 42 2
1014 1006 4 85 3 20 3 45 2
1014 1006 4 25 5 11 6 44 5
1014 1006 4 50 7 23 6 56 6
1014 1006 4 58 5 68 7 13 1
1014 1006 4 50 7 85 2 45 3
1014 1006 4 64 5 25 4 92 6
1014 1006 4 1 4 7 2 95 4
1014 1006 4 40 7 26 0 25 7
1014 1006 4 56 7 20 6 50 7
1014 1006 4 40 2 41 7 84 0
1014 1006 4 95 4 60 7 47 5
1014 1006 4 98 3 58 6 57 2
1014 1006 4 47 7 15 2 1 6
1014 1006 4 44 5 42 2 49 7
1014 1006 4 1 2 60 7 10 6
1014 1006 4 25 2 68 0 40 7
1014 1006 4 56 4 85 5 50 7
1014 1006 4 40 7 92 6 57 2
1014 1006 4 50 6 23 7 15 2
1014 1006 4 41 7 19 6 13 1
1014 1006 4 60 7 1 3 85 4
1014 1006 4 19 0 64 7 99 7
1014 1006 4 95 3 50 5 45 4
1014 1006 4 68 0 64 7 92 6
1014 1006 4 85 3 47 7 50 2
1014 1006 4 68 2 92 0 40 6
1014 1006 4 46 0 15 6 56 7
1014 1006 4 88 2 84 7 32 5
1014 1006 4 1 3 15 6 10 1
1014 1006 4 84 2 41 2 88 7
1014 1006 4 45 3 60 7 78 3
1014 1006 4 17 1 32 2 68 2
1014 1006 4 20 7 1 4 23 6
1014 1006 4 58 7 92 6 41 0
1014 1006 4 7 2 47 5 45 7
1014 1006 4 98 3 19 7 42 2
1014 1006 4 46 7 20 3 85 2
1014 1006 4 57 2 13 0 40 2
1014 1006 4 50 2 10 5 85 5
1014 1006 4 41 0 64 7 32 7
1014 1006 4 60 4 10 2 15 2
1014 1006 4 64 7 17 0 84 2
1014 1006 4 78 2 7 4 60 7
1014 1006 4 13 0 17 1 84 2
1014 1006 4 45 4 23 6 15 2
1014 1006 4 44 2 13 1 26 0
1014 1006 4 56 3 85 3 20 2
1014 1006 4 44 0 64 5 57 7
1014 1006 4 10 5 95 4 46 7
1014 1006 4 40 6 57 7 98 2
1014 1006 4 60 4 56 6 20 2
1014 1006 4 42 2 41 0 26 6
1014 1006 4 60 7 15 0 45 5
1014 1006 4 88 7 49 6 99 1
1014 1006 4 23 2 45 7 50 4
1014 1006 4 99 7 64 5 88 7
1014 1006 4 7 3 60 2 45 7
1014 1006 4 40 6 58 6 99 1
1014 1006 4 50 6 47 5 46 0
1014 1006 4 98 4 99 4 64 5
1014 1006 4 60 2 15 7 23 7
1014 1006 4 13 0 42 5 25 2
1014 1006 4 50 2 56 2 10 1
1014 1006 4 26 1 41 2 64 0
1014 1006 4 95 3 46 0 85 5
1014 1006 4 11 1 19 5 40 7
1014 1006 4 95 4 78 7 15 6
1014 1006 4 98 4 57 5 44 5
1014 1006 4 45 2 78 2 7 2
1014 1006 4 19 0 40 2 25 6
1014 1006 4 95 4 23 2 20 7
1014 1006 4 57 7 41 2 49 2
1014 1006 4 10 7 20 6 78 4
1014 1006 4 26 0 58 5 40 5
1014 1006 4 47 2 46 0 85 5
1014 1006 4 64 2 84 2 32 5
1014 1006 4 85 4 45 4 50 4
1014 1006 4 57 5 49 2 44 2
1014 1006 4 47 2 50 2 23 7
1014 1006 4 98 2 57 7 40 7
1014 1006 4 50 7 47 2 7 2
1014 1006 4 88 5 32 5 17 1
1014 1006 4 46 7 45 5 47 7
1014 1006 4 57 5 41 0 25 5
1014 1006 4 78 2 60 7 20 2
1014 1006 4 57 7 68 7 49 7
1014 1006 4 10 1 50 7 15 0
1014 1006 4 26 0 42 2 11 1
1014 1006 4 47 2 56 4 1 6
1014 1006 4 88 2 84 2 49 5
1014 1006 4 50 7 47 7 56 4
1014 1006 4 84 2 41 7 40 6
1014 1006 4 85 5 15 7 45 7
1014 1006 4 17 0 32 7 19 5
1014 1006 4 95 4 20 6 50 4
1014 1006 4 58 7 11 0 25 5
1014 1006 4 46 7 85 4 95 3
1014 1006 4 92 1 42 5 11 6
1014 1006 4 10 7 56 3 78 2
1014 1006 4 99 3 68 7 32 6
1014 1006 4 10 5 20 3 47 7
1014 1006 4 57 2 92 0 88 2
1014 1006 4 78 2 7 3 50 2
1014 1006 4 41 2 40 6 99 1
1014 1006 4 47 2 56 7 1 4
1014 1006 4 68 7 40 7 42 2
1014 1006 4 23 2 50 4 60 4
1014 1006 4 88 7 58 2 32 5
1014 1006 4 60 7 95 3 20 7
1014 1006 4 92 1 40 2 41 7
1014 1006 4 15 0 78 3 46 7
1014 1006 4 99 4 17 1 40 6
1014 1006 4 50 6 78 3 56 3
1014 1006 4 19 6 98 4 13 0
1014 1006 4 50 7 60 4 20 7
1014 1006 4 49 7 13 0 40 2
1014 1006 4 1 5 47 5 45 4
1014 1006 4 41 7 19 6 26 0
1014 1006 4 50 6 10 1 60 7
1014 1006 4 40 6 84 2 25 4
1014 1006 4 10 7 20 2 85 3
1014 1006 4 84 0 64 5 19 6
1014 1006 4 78 7 95 3 47 2
1014 1006 4 40 7 64 0 88 5
1014 1006 4 46 2 47 2 10 1
1014 1006 4 98 7 13 1 17 1
1014 1006 4 78 4 45 2 60 2
1014 1006 4 99 3 68 7 92 6
1014 1006 4 15 2 47 5 78 5
1014 1006 4 13 1 64 2 19 7
1014 1006 4 47 7 85 3 60 7
1014 1006 4 84 0 25 4 68 2
1014 1006 4 78 7 1 3 56 3
1014 1006 4 11 6 11 0 11 1
1014 1006 4 13 0 13 1 13 0
1014 1006 4 17 1 17 0 17 1
1014 1006 4 19 2 19 6 19 5
1014 1006 4 25 6 25 5 25 4
1014 1006 4 26 6 26 1 26 0
1014 1006 4 32 6 32 7 32 5
1014 1006 4 40 6 40 7 40 2
1014 1006 4 41 6 41 0 41 7
1014 1006 4 42 2 42 5 42 2
1014 1006 4 44 5 44 4 44 0
1014 1006 4 49 6 49 5 49 7
1014 1006 4 57 5 57 7 57 2
1014 1006 4 58 6 58 5 58 7
1014 1006 4 64 0 64 5 64 7
1014 1006 4 68 2 68 7 68 0
1014 1006 4 84 7 84 0 84 2
1014 1006 4 88 5 88 7 88 2
1014 1006 4 92 6 92 0 92 1
1014 1006 4 98 3 98 7 98 4
1014 1006 4 99 4 99 2 99 7
1014 1006 4 1 2 1 4 1 5
1014 1006 4 7 4 7 5 7 3
1014 1006 4 10 7 10 0 10 2
1014 1006 4 15 6 15 7 15 2
1014 1006 4 20 6 20 3 20 7
1014 1006 4 23 2 23 6 23 7
1014 1006 4 45 2 45 6 45 7
1014 1006 4 46 7 46 0 46 2
1014 1006 4 47 5 47 7 47 2
1014 1006 4 50 4 50 2 50 6
1014 1006 4 56 2 56 4 56 3
1014 1006 4 60 7 60 4 60 2
1014 1006 4 78 5 78 7 78 2
1014 1006 4 85 5 85 3 85 4
1014 1006 4 95 3 95 4 95 3
1014 1006 4 17 0 44 0 41 0
1014 1006 4 92 1 26 1 13 1
1014 1006 4 88 2 41 2 19 2
1014 1006 4 99 3 98 3 99 3
1014 1006 4 25 4 98 4 99 4
1014 1006 4 42 5 58 5 88 5
1014 1006 4 41 6 26 6 40 6
1014 1006 4 99 7 41 7 68 7
1014 1006 4 15 0 46 0 10 0
1014 1006 4 10 1 10 1 10 1
1014 1006 4 46 2 20 2 60 2
1014 1006 4 45 3 7 3 1 3
1014 1006 4 85 4 50 4 95 4
1014 1006 4 78 5 1 5 45 5
1014 1006 4 1 6 45 6 56 6
1014 1006 4 56 7 10 7 23 7
1014 1006 4 58 7 13 1 57 2
1014 1006 4 10 2 60 2 56 7
1014 1006 4 88 2 84 0 41 6
1014 1006 4 85 3 46 7 20 6
1014 1006 4 57 5 32 2 44 4
1014 1006 4 15 2 56 7 10 2
1014 1006 4 41 6 32 2 17 0
1014 1006 4 7 4 85 3 56 3
1014 1006 4 42 5 99 1 57 2
1014 1006 4 60 7 7 3 23 6
1014 1006 4 32 2 99 2 11 6
1014 1006 4 10 2 56 4 50 6
1014 1006 4 19 6 26 1 64 5
1014 1006 4 47 7 7 5 1 2
1014 1006 4 84 0 49 6 44 4
1014 1006 4 1 3 23 6 95 3
1014 1006 4 88 7 68 0 17 0
1014 1006 4 45 6 50 5 23 6
1014 1006 4 58 5 44 6 64 7
1014 1006 4 10 0 20 3 15 0
1014 1006 4 98 1 13 1 32 5
1014 1006 4 23 7 47 2 20 2
1014 1006 4 68 7 11 6 88 2
1014 1006 4 78 3 15 2 50 6
1014 1006 4 57 5 98 1 41 0
1014 1006 4 85 5 60 4 47 7
1014 1006 4 84 2 42 2 11 1
1014 1006 4 78 4 56 6 50 2
1014 1006 4 44 0 58 6 17 1
1014 1006 4 95 3 23 7 45 7
1014 1006 4 92 1 32 6 88 7
1014 1006 4 50 7 85 4 15 7
1014 1006 4 58 2 49 6 68 0
1014 1006 4 10 1 1 4 46 2
1014 1006 4 84 0 49 5 92 6
1014 1006 4 23 7 1 4 85 2
1014 1006 4 42 2 49 2 64 7
1014 1006 4 1 2 7 4 50 6
1014 1006 4 26 6 84 2 68 0
1014 1006 4 56 4 20 6 23 2
1014 1006 4 11 0 26 6 19 0
1014 1006 4 60 7 15 0 50 6
1014 1006 4 13 1 84 7 68 7
1014 1006 4 85 5 47 2 50 7
1014 1006 4 98 1 44 2 92 6
1014 1006 4 7 2 20 7 60 4
1014 1006 4 68 7 32 6 92 0
1014 1006 4 45 7 78 3 1 2
1014 1006 4 64 5 17 1 57 7
1014 1006 4 46 2 7 5 15 0
1014 1006 4 40 2 26 1 17 0
1014 1006 4 85 3 46 7 20 7
1014 1006 4 26 0 88 7 17 0
1014 1006 4 20 7 23 6 95 4
1014 1006 4 32 2 99 4 25 6
1014 1006 4 46 0 47 7 50 7
1014 1006 4 64 7 41 2 13 1
1014 1006 4 50 2 95 4 47 7
1014 1006 4 11 1 92 1 84 2
1014 1006 4 85 3 50 6 20 3
1014 1006 4 57 5 42 2 19 6
1014 1006 4 78 3 7 5 47 2
1014 1006 4 64 0 25 0 49 6
1014 1006 4 1 6 85 3 15 6
1014 1006 4 57 2 49 2 84 7
1014 1006 4 1 7 60 2 85 2
1014 1006 4 64 0 19 5 68 2
1014 1006 4 95 4 50 7 1 7
1014 1006 4 99 4 32 2 19 5
1014 1006 4 60 7 1 4 78 4
1014 1006 4 57 5 17 1 84 0
1014 1006 4 95 3 7 2 23 6
1014 1006 4 11 0 92 6 58 6
1014 1006 4 78 7 10 7 23 2
1014 1006 4 58 5 40 5 57 7
1014 1006 4 1 5 10 0 95 3
1014 1006 4 32 6 57 7 98 1
1014 1006 4 56 4 95 3 23 2
1014 1006 4 49 5 32 5 40 6
1014 1006 4 60 2 78 4 50 6
1014 1006 4 42 5 99 3 92 0
1014 1006 4 50 2 47 5 95 4
1014 1006 4 92 0 11 6 19 7
1014 1006 4 7 5 23 7 45 4
1014 1006 4 88 2 58 7 40 5
1014 1006 4 23 6 85 5 45 7
1014 1006 4 32 7 19 0 41 7
1014 1006 4 10 6 60 7 1 2
1014 1006 4 49 6 13 1 57 5
1014 1006 4 56 3 47 5 46 7
1014 1006 4 84 0 17 1 64 2
1014 1006 4 95 4 7 2 85 5
1014 1006 4 84 7 58 6 57 5
1014 1006 4 15 7 60 4 95 3
1014 1006 4 32 2 58 7 25 7
1014 1006 4 7 4 1 3 15 2
1014 1006 4 49 7 68 0 42 5
1014 1006 4 56 3 47 5 60 7
1014 1006 4 32 7 40 7 13 0
1014 1006 4 95 4 23 6 45 6
1014 1006 4 26 1 25 7 84 2
1014 1006 4 85 3 50 2 10 1
1014 1006 4 17 0 44 5 49 5
1014 1006 4 15 6 7 4 85 5
1014 1006 4 26 1 49 6 88 7
1014 1006 4 85 2 10 5 46 0
1014 1006 4 64 5 68 7 25 5
1014 1006 4 95 4 7 4 20 2
1014 1006 4 57 7 98 7 25 2
1014 1006 4 23 7 45 5 7 3
1014 1006 4 13 1 42 5 17 1
1014 1006 4 85 5 78 7 1 7
1014 1006 4 32 6 25 6 92 0
1014 1006 4 23 7 10 1 85 5
1014 1006 4 88 5 42 5 25 4
1014 1006 4 23 6 7 3 10 1
1014 1006 4 64 2 92 0 40 6
1014 1006 4 7 5 50 5 1 3
1014 1006 4 92 6 84 2 42 2
1014 1006 4 45 5 47 2 85 2
1014 1006 4 44 2 25 4 58 6
1014 1006 4 50 5 56 6 60 7
1014 1006 4 41 0 68 2 99 1
1014 1006 4 46 0 85 2 23 6
1014 1006 4 11 0 64 7 25 0
1014 1006 4 10 0 78 2 7 4
1014 1006 4 58 2 49 2 42 5
1014 1006 4 47 7 50 5 95 4
1014 1006 4 44 6 99 7 26 0
1014 1006 4 50 6 15 7 7 4
1014 1006 4 32 5 44 6 19 0
1014 1006 4 7 3 23 7 50 5
1014 1006 4 98 2 32 2 92 0
1014 1006 4 47 2 15 0 10 7
1014 1006 4 32 7 26 6 98 7
1014 1006 4 85 5 7 5 56 6
1014 1006 4 19 0 98 7 41 6
1014 1006 4 45 4 7 5 46 7
1014 1006 4 44 2 11 0 98 2
1014 1006 4 20 7 10 6 45 2
1014 1006 4 42 5 25 4 68 0
1014 1006 4 95 3 1 6 7 4
1014 1006 4 92 1 57 2 58 7
1014 1006 4 78 2 20 7 47 7
1014 1006 4 58 7 25 5 84 7
1014 1006 4 60 7 78 7 23 6
1014 1006 4 42 5 68 2 57 2
1014 1006 4 78 7 95 3 47 7
1014 1006 4 92 1 98 3 17 1
1014 1006 4 10 0 95 3 60 4
1014 1006 4 98 7 42 5 64 5
1014 1006 4 85 2 50 4 45 7
1014 1006 4 98 4 11 0 99 3
1014 1006 4 23 2 45 5 50 7
1014 1006 4 88 5 17 0 99 1
1014 1006 4 46 0 60 4 85 2
1014 1006 4 68 2 17 0 64 0
1014 1006 4 60 2 46 7 50 5
1014 1006 4 68 7 58 6 32 7
1014 1006 4 60 7 85 4 56 6
1014 1006 4 98 4 58 6 49 6
1014 1006 4 1 7 7 3 47 7
1014 1006 4 88 7 57 2 40 7
1014 1006 4 85 5 45 4 10 7
1014 1006 4 17 1 41 6 88 7
1014 1006 4 47 7 50 4 60 2
1014 1006 4 19 0 99 1 88 2
1014 1006 4 56 4 7 3 50 2
1014 1006 4 68 7 32 2 64 7
1014 1006 4 78 4 45 3 1 3
1014 1006 4 58 5 25 0 44 7
1014 1006 4 45 4 15 7 60 7
1014 1006 4 58 5 49 7 84 0
1014 1006 4 45 2 50 6 23 7
1014 1006 4 19 2 42 2 92 0
1014 1006 4 56 2 23 6 15 6
1014 1006 4 98 1 84 0 26 1
1014 1006 4 47 5 60 2 78 3
1014 1006 4 32 2 26 0 92 0
1014 1006 4 50 7 85 4 78 2
1014 1006 4 44 7 32 7 40 6
1014 1006 4 45 3 50 4 23 2
1014 1006 4 58 5 42 5 41 0
1014 1006 4 10 1 85 5 7 4
1014 1006 4 44 6 26 0 84 0
1014 1006 4 1 6 7 4 20 2
1014 1006 4 88 2 32 5 98 4
1014 1006 4 46 7 1 5 50 5
1014 1006 4 92 1 49 6 26 1
1014 1006 4 46 7 20 7 56 2
1014 1006 4 13 0 92 0 98 7
1014 1006 4 47 2 95 3 56 4
1014 1006 4 13 0 49 5 11 1
1014 1006 4 1 7 20 3 23 7
1014 1006 4 58 5 99 3 13 1
1014 1006 4 95 4 78 7 47 2
1014 1006 4 11 1 99 3 25 0
1014 1006 4 10 7 20 2 7 5
1014 1006 4 19 5 40 7 68 0
1014 1006 4 23 7 85 4 1 3
1014 1006 4 88 5 17 0 11 1
1014 1006 4 50 7 20 7 7 5
1014 1006 4 13 1 68 7 49 2
1014 1006 4 10 6 85 2 56 3
1014 1006 4 41 2 26 1 13 0
1014 1006 4 78 5 45 5 60 4
1014 1006 4 58 2 68 0 57 2
1014 1006 4 56 4 10 7 60 2
1014 1006 4 88 5 13 1 44 0
1014 1006 4 7 5 10 0 85 2
1014 1006 4 11 0 11 6 11 1
1014 1006 4 13 1 13 0 13 1
1014 1006 4 19 2 19 7 19 6
1014 1006 4 25 7 25 6 25 0
1014 1006 4 26 6 26 0 26 1
1014 1006 4 32 2 32 6 32 5
1014 1006 4 40 6 40 7 40 5
1014 1006 4 41 7 41 0 41 2
1014 1006 4 44 4 44 5 44 0
1014 1006 4 49 7 49 2 49 5
1014 1006 4 57 2 57 7 57 5
1014 1006 4 58 5 58 6 58 2
1014 1006 4 64 5 64 0 64 7
1014 1006 4 68 7 68 0 68 2
1014 1006 4 84 2 84 0 84 7
1014 1006 4 88 2 88 5 88 7
1014 1006 4 92 6 92 1 92 0
1014 1006 4 98 7 98 2 98 3
1014 1006 4 99 1 99 4 99 7
1014 1006 4 1 5 1 3 1 7
1014 1006 4 7 4 7 2 7 5
1014 1006 4 10 1 10 7 10 0
1014 1006 4 15 0 15 2 15 6
1014 1006 4 20 3 20 7 20 2
1014 1006 4 23 7 23 6 23 2
1014 1006 4 45 6 45 4 45 2
1014 1006 4 47 2 47 5 47 7
1014 1006 4 50 6 50 4 50 5
1014 1006 4 56 4 56 2 56 7
1014 1006 4 60 7 60 2 60 4
1014 1006 4 78 3 78 5 78 2
1014 1006 4 85 4 85 2 85 5
1014 1006 4 95 4 95 3 95 4
1014 1006 4 64 0 68 0 84 0
1014 1006 4 92 1 17 1 99 1
1014 1006 4 41 2 49 2 64 2
1014 1006 4 98 3 99 3 98 3
1014 1006 4 98 4 99 4 25 4
1014 1006 4 57 5 64 5 40 5
1014 1006 4 92 6 44 6 19 6
1014 1006 4 64 7 58 7 98 7
1014 1006 4 46 0 10 0 15 0
1014 1006 4 23 2 45 2 7 2
1014 1006 4 7 3 20 3 45 3
1014 1006 4 95 4 50 4 60 4
1014 1006 4 7 5 50 5 78 5
1014 1006 4 10 6 23 6 20 6
1014 1006 4 20 7 56 7 1 7
1014 1006 4 88 7 26 1 92 0
1014 1006 4 50 6 20 2 56 4
1014 1006 4 58 6 25 4 44 2
1014 1006 4 56 2 10 7 47 5
1014 1006 4 17 0 49 5 19 6
1014 1006 4 50 7 23 2 10 1
1014 1006 4 17 0 13 0 25 4
1014 1006 4 46 2 15 7 10 7
1014 1006 4 64 2 92 0 11 1
1014 1006 4 15 7 10 6 95 3
1014 1006 4 92 6 44 0 19 0
1014 1006 4 50 5 45 4 95 3
1014 1006 4 64 2 92 1 88 7
1014 1006 4 10 0 1 7 50 4
1014 1006 4 13 0 49 5 92 1
1014 1006 4 10 7 20 2 45 3
1014 1006 4 32 7 44 4 49 2
1014 1006 4 20 3 95 4 1 3
1014 1006 4 68 2 58 6 41 7
1014 1006 4 10 2 15 0 56 4
1014 1006 4 32 5 13 1 84 7
1014 1006 4 95 3 20 7 10 5
1014 1006 4 40 7 99 2 13 0
1014 1006 4 1 4 56 2 85 3
1014 1006 4 32 6 68 7 11 6
1014 1006 4 47 5 78 2 60 7
1014 1006 4 26 0 58 5 42 2
1014 1006 4 15 0 20 3 85 2
1014 1006 4 42 2 17 1 88 7
1014 1006 4 46 7 56 7 1 4
1014 1006 4 19 6 32 5 92 1
1014 1006 4 46 7 10 7 20 3
1014 1006 4 68 2 99 1 17 0
1014 1006 4 20 3 1 2 60 7
1014 1006 4 98 7 84 2 41 6
1014 1006 4 47 5 10 1 7 4
1014 1006 4 57 7 40 7 11 0
1014 1006 4 15 2 1 4 95 3
1014 1006 4 26 6 58 5 68 0
1014 1006 4 47 5 46 7 60 2
1014 1006 4 26 6 17 1 11 1
1014 1006 4 20 3 7 5 60 7
1014 1006 4 19 2 99 7 68 2
1014 1006 4 23 2 46 0 7 4
1014 1006 4 40 2 11 1 84 7
1014 1006 4 47 2 10 7 85 2
1014 1006 4 44 7 40 6 64 5
1014 1006 4 23 6 78 3 20 2
1014 1006 4 42 5 57 5 44 6
1014 1006 4 47 7 78 7 85 3
1014 1006 4 92 0 17 0 98 2
1014 1006 4 7 2 56 3 60 2
1014 1006 4 11 0 88 2 17 0
1014 1006 4 1 3 46 0 56 4
1014 1006 4 92 6 32 2 11 1
1014 1006 4 78 4 15 0 1 7
1014 1006 4 49 2 98 2 26 6
1014 1006 4 85 3 78 4 47 7
1014 1006 4 49 5 11 6 98 1
1014 1006 4 50 4 60 4 20 3
1014 1006 4 92 1 32 6 57 7
1014 1006 4 50 7 15 7 7 5
1014 1006 4 92 1 13 0 40 2
1014 1006 4 15 6 60 7 23 2
1014 1006 4 40 6 99 7 44 7
1014 1006 4 56 2 85 3 23 6
1014 1006 4 13 1 41 6 19 6
1014 1006 4 78 7 45 5 23 2
1014 1006 4 13 1 58 5 98 7
1014 1006 4 60 2 20 7 50 4
1014 1006 4 41 7 42 5 88 7
1014 1006 4 1 3 47 7 56 4
1014 1006 4 68 2 84 7 57 7
1014 1006 4 56 2 23 7 7 3
1014 1006 4 88 7 44 6 98 4
1014 1006 4 78 3 23 6 20 2
1014 1006 4 13 1 40 7 68 2
1014 1006 4 56 6 20 2 50 2
1014 1006 4 64 5 44 0 92 1
1014 1006 4 1 4 85 2 46 7
1014 1006 4 13 1 25 4 84 2
1014 1006 4 20 7 10 7 60 2
1014 1006 4 11 0 68 7 64 5
1014 1006 4 60 7 15 0 56 7
1014 1006 4 64 7 49 5 44 0
1014 1006 4 95 3 1 3 45 2
1014 1006 4 98 2 64 5 11 0
1014 1006 4 95 4 56 2 20 3
1014 1006 4 64 7 99 2 19 7
1014 1006 4 15 0 7 2 20 7
1014 1006 4 44 7 84 2 64 7
1014 1006 4 78 4 95 3 47 2
1014 1006 4 19 2 68 2 40 7
1014 1006 4 15 0 85 4 23 6
1014 1006 4 40 5 58 2 68 2
1014 1006 4 45 3 56 3 20 7
1014 1006 4 58 7 57 7 41 6
1014 1006 4 50 6 7 4 15 0
1014 1006 4 98 4 17 1 49 7
1014 1006 4 95 3 45 5 60 4
1014 1006 4 84 2 98 1 99 3
1014 1006 4 60 7 47 5 10 2
1014 1006 4 57 2 98 7 58 5
1014 1006 4 60 2 47 7 46 0
1014 1006 4 32 2 99 2 68 7
1014 1006 4 23 7 47 5 56 4
1014 1006 4 41 7 17 1 98 2
1014 1006 4 56 7 20 7 47 5
1014 1006 4 88 7 41 0 17 1
1014 1006 4 98 7 68 2 26 1
1014 1006 4 1 3 85 5 45 7
1014 1006 4 42 5 32 2 13 0
1014 1006 4 46 7 85 4 47 7
1014 1006 4 99 2 17 1 92 1
1014 1006 4 20 7 45 2 78 7
1014 1006 4 13 1 32 7 49 6
1014 1006 4 23 6 50 5 85 4
1014 1006 4 99 2 49 6 26 1
1014 1006 4 46 7 50 2 20 2
1014 1006 4 42 2 26 1 98 1
1014 1006 4 10 1 50 4 60 4
1014 1006 4 13 1 17 1 99 2
1014 1006 4 7 3 60 4 47 7
1014 1006 4 13 0 99 1 57 2
1014 1006 4 56 7 95 3 78 5
1014 1006 4 11 6 32 7 26 0
1014 1006 4 15 6 78 3 95 3
1014 1006 4 40 6 49 2 41 6
1014 1006 4 10 0 78 4 47 2
1014 1006 4 68 7 58 7 11 0
1014 1006 4 78 3 7 4 20 6
1014 1006 4 44 0 13 1 26 0
1014 1006 4 95 4 56 3 60 7
1014 1006 4 26 0 25 2 58 2
1014 1006 4 50 5 47 7 7 2
1014 1006 4 25 7 88 2 49 7
1014 1006 4 60 7 15 7 1 7
1014 1006 4 68 2 88 5 13 1
1014 1006 4 15 0 10 5 50 5
1014 1006 4 44 4 99 7 25 2
1014 1006 4 56 3 78 4 10 2
1014 1006 4 41 7 88 5 13 0
1014 1006 4 56 3 50 6 60 2
1014 1006 4 19 5 98 1 64 7
1014 1006 4 78 7 50 5 7 5
1014 1006 4 26 6 58 6 19 6
1014 1006 4 20 2 78 7 45 3
1014 1006 4 26 1 98 3 68 7
1014 1006 4 15 2 78 5 60 4
1014 1006 4 42 2 84 7 40 5
1014 1006 4 46 2 20 3 1 7
1014 1006 4 11 6 57 7 92 1
1014 1006 4 85 4 78 2 95 3
1014 1006 4 40 5 42 2 88 5
1014 1006 4 85 4 1 3 15 2
1014 1006 4 17 0 98 7 68 7
1014 1006 4 45 7 60 7 1 3
1014 1006 4 84 2 58 6 98 7
1014 1006 4 46 7 95 4 45 7
1014 1006 4 92 0 13 0 84 7
1014 1006 4 56 3 23 2 46 2
1014 1006 4 58 2 26 6 17 1
1014 1006 4 60 4 1 5 78 3
1014 1006 4 64 5 58 5 42 5
1014 1006 4 56 3 47 2 1 4
1014 1006 4 19 0 42 5 25 6
1014 1006 4 10 6 23 7 95 3
1014 1006 4 68 2 32 2 40 7
1014 1006 4 95 4 85 3 46 7
1014 1006 4 40 2 49 2 64 5
1014 1006 4 56 2 20 3 60 2
1014 1006 4 42 2 17 0 19 5
1014 1006 4 20 2 7 5 78 2
1014 1006 4 88 2 99 4 98 7
1014 1006 4 20 2 7 4 46 2
1014 1006 4 41 0 11 0 26 0
1014 1006 4 45 7 46 0 78 5
1014 1006 4 58 6 88 5 64 2
1014 1006 4 1 2 95 3 56 4
1014 1006 4 25 7 17 1 42 5
1014 1006 4 46 2 50 2 45 2
1014 1006 4 25 5 88 2 13 0
1014 1006 4 95 3 23 2 85 5
1014 1006 4 32 6 68 0 49 7
1014 1006 4 50 2 15 6 45 7
1014 1006 4 68 2 98 1 11 0
1014 1006 4 20 7 45 3 78 5
1014 1006 4 99 4 44 5 41 0
1014 1006 4 57 5 19 5 58 5
1014 1006 4 60 2 95 3 20 7
1014 1006 4 88 2 68 0 41 0
1014 1006 4 10 1 50 4 78 2
1014 1006 4 13 1 40 7 88 2
1014 1006 4 23 6 78 3 50 2
1014 1006 4 17 1 40 5 42 5
1014 1006 4 15 7 47 2 20 2
1014 1006 4 41 0 92 6 68 7
1014 1006 4 60 7 45 5 7 4
1014 1006 4 17 0 57 7 41 2
1014 1006 4 15 7 47 5 23 7
1014 1006 4 13 0 41 2 98 4
1014 1006 4 47 2 10 6 60 2
1014 1006 4 11 0 98 2 17 0
1014 1006 4 7 5 56 3 50 6
1014 1006 4 49 6 19 0 17 0
1014 1006 4 45 4 85 3 10 6
1014 1006 4 25 7 99 4 68 7
1014 1006 4 78 7 95 4 46 2
1014 1006 4 11 6 11 1 11 0
1014 1006 4 17 0 17 1 17 0
1014 1006 4 19 6 19 7 19 5
1014 1006 4 25 6 25 4 25 7
1014 1006 4 32 6 32 2 32 7
1014 1006 4 40 6 40 2 40 7
1014 1006 4 41 7 41 0 41 6
1014 1006 4 44 6 44 7 44 4
1014 1006 4 57 2 57 5 57 7
1014 1006 4 58 2 58 5 58 7
1014 1006 4 64 5 64 0 64 2
1014 1006 4 84 7 84 2 84 0
1014 1006 4 92 0 92 6 92 1
1014 1006 4 98 2 98 7 98 1
1014 1006 4 99 4 99 2 99 3
1014 1006 4 1 4 1 3 1 5
1014 1006 4 7 5 7 3 7 2
1014 1006 4 10 2 10 1 10 7
1014 1006 4 15 7 15 2 15 0
1014 1006 4 23 6 23 7 23 2
1014 1006 4 45 2 45 7 45 6
1014 1006 4 50 6 50 5 50 4
1014 1006 4 56 4 56 3 56 7
1014 1006 4 78 7 78 4 78 5
1014 1006 4 85 2 85 3 85 4
1014 1006 4 84 0 13 0 17 0
1014 1006 4 26 1 11 1 99 1
1014 1006 4 40 2 58 2 41 2
1014 1006 4 25 4 44 4 98 4
1014 1006 4 57 5 25 5 42 5
1014 1006 4 26 6 25 6 11 6
1014 1006 4 49 7 41 7 57 7
1014 1006 4 85 2 20 2 47 2
1014 1006 4 85 3 78 3 1 3
1014 1006 4 45 4 78 4 85 4
1014 1006 4 45 5 50 5 47 5
1014 1006 4 45 6 1 6 50 6
1014 1006 4 20 7 78 7 46 7
1014 1006 4 11 6 26 1 92 6
1014 1006 4 56 4 60 2 47 5
1014 1006 4 40 5 68 7 98 7
1014 1006 4 23 6 47 2 46 7
1014 1006 4 11 1 41 2 25 7
1014 1006 4 45 2 15 7 56 6
1014 1006 4 98 4 44 5 19 7
1014 1006 4 23 2 7 2 46 0
1014 1006 4 19 0 58 7 84 2
1014 1006 4 50 7 95 4 60 4
1014 1006 4 19 2 64 7 42 5
1014 1006 4 46 7 10 0 50 5
1014 1006 4 84 2 57 2 32 5
1014 1006 4 95 3 1 5 78 7
1014 1006 4 84 2 25 2 17 1
1014 1006 4 46 2 78 7 7 5
1014 1006 4 19 5 17 1 26 0
1014 1006 4 7 2 15 2 60 2
1014 1006 4 58 6 41 0 19 7
1014 1006 4 7 2 20 3 50 7
1014 1006 4 41 6 13 1 25 6
1014 1006 4 60 4 7 2 10 6
1014 1006 4 84 2 40 7 92 6
1014 1006 4 45 2 1 4 20 7
1014 1006 4 40 2 98 2 26 6
1014 1006 4 23 7 46 0 95 4
1014 1006 4 25 7 44 5 88 7
1014 1006 4 60 2 1 7 7 2
1014 1006 4 13 1 92 6 26 0
1014 1006 4 85 4 47 5 46 0
1014 1006 4 11 1 68 7 13 0
1014 1006 4 85 5 7 5 20 2
1014 1006 4 44 0 13 1 49 7
1014 1006 4 50 7 45 5 46 2
1014 1006 4 13 0 40 7 98 2
1014 1006 4 95 4 56 2 20 7
1014 1006 4 32 7 58 2 19 6
1014 1006 4 46 0 78 7 60 2
1014 1006 4 49 7 84 7 57 2
1014 1006 4 95 3 15 7 50 5
1014 1006 4 32 5 41 2 99 1
1014 1006 4 50 5 85 5 1 7
1014 1006 4 41 2 32 7 49 2
1014 1006 4 95 3 50 2 10 1
1014 1006 4 57 7 40 2 19 5
1014 1006 4 47 7 78 2 50 6
1014 1006 4 41 7 13 0 42 2
1014 1006 4 1 4 23 7 56 7
1014 1006 4 17 0 84 7 57 5
1014 1006 4 7 2 23 6 78 7
1014 1006 4 41 0 17 1 11 0
1014 1006 4 46 7 56 6 10 2
1014 1006 4 25 6 11 0 92 6
1014 1006 4 95 3 10 7 56 6
1014 1006 4 84 2 98 2 49 5
1014 1006 4 95 4 60 4 1 6
1014 1006 4 84 7 99 4 49 7
1014 1006 4 10 1 47 7 15 7
1014 1006 4 92 1 99 2 17 1
1014 1006 4 60 7 10 0 46 0
1014 1006 4 11 6 41 6 13 0
1014 1006 4 78 3 1 2 47 2
1014 1006 4 11 6 49 5 44 0
1014 1006 4 60 7 46 2 47 5
1014 1006 4 58 2 64 0 99 2
1014 1006 4 46 0 15 0 1 7
1014 1006 4 98 4 42 2 64 7
1014 1006 4 56 3 50 7 46 2
1014 1006 4 57 2 40 2 44 2
1014 1006 4 23 7 56 2 7 3
1014 1006 4 98 1 68 7 44 2
1014 1006 4 78 7 7 4 56 6
1014 1006 4 26 6 88 2 19 7
1014 1006 4 45 6 78 7 1 7
1014 1006 4 44 6 19 2 99 4
1014 1006 4 85 2 95 4 23 6
1014 1006 4 57 5 17 1 32 2
1014 1006 4 56 7 20 7 7 4
1014 1006 4 26 6 11 0 49 2
1014 1006 4 7 2 23 6 50 5
1014 1006 4 88 5 42 2 19 5
1014 1006 4 23 7 47 2 20 7
1014 1006 4 64 5 42 5 26 6
1014 1006 4 1 5 47 2 7 5
1014 1006 4 57 2 99 4 26 6
1014 1006 4 78 5 85 5 47 2
1014 1006 4 19 2 11 0 88 5
1014 1006 4 56 6 46 7 85 5
1014 1006 4 49 5 64 2 42 2
1014 1006 4 23 2 50 4 60 2
1014 1006 4 26 1 44 6 84 7
1014 1006 4 47 5 60 4 20 6
1014 1006 4 92 6 11 6 84 0
1014 1006 4 23 2 60 2 1 6
1014 1006 4 40 2 49 7 44 4
1014 1006 4 47 7 56 7 46 2
1014 1006 4 84 2 41 7 88 5
1014 1006 4 85 3 50 2 95 4
1014 1006 4 58 6 41 0 17 0
1014 1006 4 7 4 15 0 10 5
1014 1006 4 57 5 40 7 26 6
1014 1006 4 7 5 15 2 85 5
1014 1006 4 84 2 99 7 64 0
1014 1006 4 95 4 20 3 47 7
1014 1006 4 68 0 26 0 17 0
1014 1006 4 95 4 50 4 23 7
1014 1006 4 92 6 98 7 13 0
1014 1006 4 46 0 60 7 85 5
1014 1006 4 58 7 84 7 99 4
1014 1006 4 45 6 60 4 46 0
1014 1006 4 98 4 17 0 44 0
1014 1006 4 47 7 78 7 10 2
1014 1006 4 44 0 32 7 40 7
1014 1006 4 7 2 50 7 56 6
1014 1006 4 25 7 26 0 84 7
1014 1006 4 46 0 23 2 78 5
1014 1006 4 11 1 41 2 40 6
1014 1006 4 46 2 20 6 85 2
1014 1006 4 49 6 64 5 44 5
1014 1006 4 95 4 23 7 47 2
1014 1006 4 26 6 25 5 57 7
1014 1006 4 95 3 46 2 60 4
1014 1006 4 41 6 11 0 19 5
1014 1006 4 23 6 78 5 45 5
1014 1006 4 49 5 41 2 19 0
1014 1006 4 1 3 45 3 95 4
1014 1006 4 68 0 40 7 64 5
1014 1006 4 46 7 20 7 85 5
1014 1006 4 40 5 57 7 64 5
1014 1006 4 60 7 45 5 78 4
1014 1006 4 42 5 17 1 57 7
1014 1006 4 20 7 45 2 23 7
1014 1006 4 98 2 88 2 92 0
1014 1006 4 50 4 78 3 95 3
1014 1006 4 41 2 49 2 11 6
1014 1006 4 95 3 15 6 56 6
1014 1006 4 68 0 42 5 57 7
1014 1006 4 95 4 78 4 46 0
1014 1006 4 57 2 11 0 40 5
1014 1006 4 56 6 10 1 23 2
1014 1006 4 99 4 98 7 11 0
1014 1006 4 60 4 85 2 20 3
1014 1006 4 25 6 19 7 40 6
1014 1006 4 95 3 60 7 45 6
1014 1006 4 32 5 19 6 26 6
1014 1006 4 23 7 1 4 47 2
1014 1006 4 57 2 88 7 44 7
1014 1006 4 95 4 1 2 50 6
1014 1006 4 19 6 41 0 98 3
1014 1006 4 23 6 1 5 10 7
1014 1006 4 92 0 11 6 42 2
1014 1006 4 10 5 23 7 20 7
1014 1006 4 26 1 32 7 42 2
1014 1006 4 10 7 7 3 85 2
1014 1006 4 32 6 92 6 19 0
1014 1006 4 47 7 46 2 1 4
1014 1006 4 40 5 57 5 84 7
1014 1006 4 85 4 1 4 50 4
1014 1006 4 44 5 99 7 25 5
1014 1006 4 10 2 60 7 95 3
1014 1006 4 19 7 41 2 11 0
1014 1006 4 23 6 60 4 1 4
1014 1006 4 64 0 58 6 68 7
1014 1006 4 46 2 1 3 20 2
1014 1006 4 64 5 58 6 19 5
1014 1006 4 78 2 60 7 47 5
1014 1006 4 11 1 19 7 17 0
1014 1006 4 56 7 46 0 47 5
1014 1006 4 64 5 88 7 40 7
1014 1006 4 78 4 56 7 46 7
1014 1006 4 11 1 98 4 13 0
1014 1006 4 47 5 78 2 50 6
1014 1006 4 88 5 32 6 42 5
1014 1006 4 46 7 7 2 78 7
1014 1006 4 92 0 44 7 99 1
1014 1006 4 85 5 45 4 47 7
1014 1006 4 88 7 99 2 13 0
1014 1006 4 60 2 7 3 20 2
1014 1006 4 26 0 84 7 68 2
1014 1006 4 20 7 47 2 56 2
1014 1006 4 26 1 32 7 17 1
1014 1006 4 60 2 46 0 78 3
1014 1006 4 92 6 68 2 57 7
1014 1006 4 23 7 15 7 85 2
1014 1006 4 32 2 11 0 68 2
1014 1006 4 23 6 45 5 10 2
1014 1006 4 13 0 40 2 26 0
1014 1006 4 7 4 20 6 56 7
1014 1006 4 57 5 32 6 84 0
1014 1006 4 60 4 1 2 23 2
1014 1006 4 68 2 84 0 92 6
1014 1006 4 15 2 23 6 47 2
1014 1006 4 44 7 13 0 99 4
1014 1006 4 56 3 85 3 23 7
1014 1006 4 11 0 44 4 92 6
1014 1006 4 45 3 56 4 85 2
1014 1006 4 32 2 99 7 44 2
1014 1006 4 56 3 15 2 60 2
1014 1006 4 11 6 40 6 92 6
1014 1006 4 85 4 7 4 95 4
1014 1006 4 11 0 98 4 49 5
1014 1006 4 20 7 85 3 95 4
1014 1006 4 42 5 41 7 92 6
1014 1006 4 85 2 45 5 7 4
1014 1006 4 44 0 26 6 98 3
1014 1006 4 95 3 10 0 46 2
1014 1006 4 64 0 13 1 19 7
1014 1006 4 47 5 95 4 20 3
1014 1006 4 19 6 41 7 40 6
1014 1006 4 78 5 23 7 95 3
1014 1006 4 19 6 19 5 19 2
1014 1006 4 25 0 25 7 25 4
1014 1006 4 26 1 26 6 26 0
1014 1006 4 32 5 32 7 32 6
1014 1006 4 40 6 40 5 40 7
1014 1006 4 41 7 41 6 41 0
1014 1006 4 42 5 42 2 42 5
1014 1006 4 44 6 44 0 44 5
1014 1006 4 49 7 49 5 49 2
1014 1006 4 58 5 58 2 58 7
1014 1006 4 64 5 64 7 64 2
1014 1006 4 68 2 68 0 68 7
1014 1006 4 88 7 88 2 88 5
1014 1006 4 98 3 98 2 98 4
1014 1006 4 99 7 99 3 99 1
1014 1006 4 1 2 1 7 1 6
1014 1006 4 7 2 7 4 7 3
1014 1006 4 10 2 10 0 10 6
1014 1006 4 15 6 15 0 15 7
1014 1006 4 20 6 20 2 20 3
1014 1006 4 23 6 23 2 23 7
1014 1006 4 45 7 45 2 45 4
1014 1006 4 46 0 46 2 46 7
1014 1006 4 47 2 47 7 47 5
